-1.341280338864876409e-01
-2.155604895510232488e-02
-1.882437070646592048e-02
2.032108760238271472e-02
-9.427126662924578682e-02
-9.137054596805427309e-02
6.974576294869194726e-04
3.266828443201963417e-02
-1.344145969349648251e-01
-7.717156672918656923e-02
-3.250075325096846157e-02
2.430131844961325172e-02
-1.186604643804247683e-01
-5.298360193476869817e-02
3.265864223914061171e-03
5.046861589121909297e-02
-8.339617554548239831e-02
-7.781319058491620311e-02
-4.314282333404073633e-02
-3.277338197748069781e-02
-1.183788204125182375e-01
-9.188343563426948357e-02
-2.461744195621862197e-02
5.639057507576272776e-02
-4.478520811032216109e-02
-3.643224039879511267e-02
-4.375492574514749933e-02
-2.866309140100598007e-02
-1.202047754894179921e-01
-6.383170493392587019e-02
-6.289381623063694526e-02
-3.552202442782537162e-04
-1.322445115972379348e-01
-6.466193917408102898e-02
-4.127747668390568947e-02
5.447398785176216229e-02
-9.149695967722482060e-02
-7.182167474861733680e-02
-2.931974998836817115e-02
4.188589214296567498e-02
-1.160996939204077538e-01
-6.516402004546906213e-02
7.125392517928208491e-04
6.188791168679097510e-03
-1.302740072629944290e-01
-1.273920848967207142e-01
-3.869172329468750782e-02
6.502570681646591133e-02
-9.954375022969452758e-02
-8.532997348402227011e-02
-5.220403367114401227e-02
6.823593984663856027e-02
-9.363414889569443567e-02
-9.158736815619450411e-02
-1.776635673750970312e-02
1.502493286689965402e-02
-1.568401364943916576e-01
-8.512271483083533319e-02
-1.029760776342536488e-03
6.745564831109374104e-02
-1.561146873663825652e-01
-8.410115797475303800e-02
-2.646124712396868972e-02
8.074905613639771218e-04
-9.497222686515160994e-02
-8.397989058957522346e-02
-3.349846990863114549e-02
4.219694197227519261e-02
-1.255036780599798618e-01
-1.172188107024849657e-01
-8.606356090637978795e-03
1.028618312646190081e-01
-1.053485542904160077e-01
-6.765916223352763659e-02
6.065611374614476858e-02
7.704513295781745263e-02
-6.772578998767997405e-02
-4.723980884972189820e-02
-1.632114367153558732e-02
1.820607207484603585e-02
-1.339261270040796870e-01
-7.969732283113950544e-02
-2.428610204876502365e-02
-7.573977008795029775e-03
-1.081825036440831056e-01
-8.721656852985648634e-02
-5.701454005657002888e-02
4.774453173473580669e-02
-1.306792768024291895e-01
-8.536564166631155359e-02
-3.540223251341290123e-02
8.010365687688625336e-02
-1.356546362736721356e-01
-9.419801895008883541e-02
8.255156193302415346e-03
7.498323467234313533e-02
-1.145562531667450035e-01
-1.113407100182615128e-01
-7.036695700739570292e-02
6.026192482454928445e-02
-1.275167627444431240e-01
-6.716138610780397755e-02
-5.792884159867073279e-02
3.675805378119734179e-02
