6.245768442163395662e+00
-5.125221266232770745e+00
-3.367209164966524781e+00
9.545064066721948848e-01
9.297343469702923358e-02
9.211552995895146978e-01
1.714127723381096757e+00
6.295169322675050694e+00
-7.438934474423703591e+00
-4.156325432440880263e+00
3.280586880692965224e+00
5.929100177783084291e-01
-1.598909026001052780e+00
-5.950836233637417649e+00
4.300015366518636029e+00
6.878960018876071558e+00
1.096473086860370927e+00
-4.909845622202311688e+00
-3.466544450367450736e+00
5.048938795257669199e-01
5.723221889634288573e+00
-7.679573139498927503e-01
1.144087675717543107e+00
-3.399969926349939442e+00
3.902657947066501265e-01
-3.667294901317788458e+00
8.024061287656238051e+00
7.178345141890048353e+00
-3.432744106473293755e+00
-8.073784178497717789e+00
-2.465532314211444032e+00
-4.103414926901351123e+00
1.979510823644005768e+00
5.923060080911540126e+00
-9.478296183480239279e-01
-3.010963828521084906e-01
2.157665167676000806e+00
-6.070585042159422073e-01
2.442977796605532603e+00
-8.716652947673864560e+00
9.701064771642506912e-01
2.962828254729146238e+00
1.053082195157681156e+01
7.953243025762333218e-01
-8.513021716546987250e+00
-5.447991461363699273e+00
8.756816343450282147e-01
2.068757774430622476e+00
8.757283594117112102e+00
-6.869776458120114171e+00
-1.546852489313593537e+00
2.419561226533062381e+00
-7.217064198920866147e-01
-2.185175089896418399e+00
-6.268946310641780428e+00
2.016494646323238271e+00
2.783020585057528251e+00
1.621231447109394708e+00
3.252085636023196002e+00
-3.235987067529862315e+00
-7.519616618726075785e+00
-3.292566181902913058e+00
-2.302995774482155866e+00
4.559205701308272296e+00
3.843961334370206373e+00
2.900834810149632403e+00
-3.764988470024619005e+00
-2.945685659987461236e+00
4.520891402427295702e+00
-1.947327315929271663e+00
2.088079075778438209e+00
1.510055592918149614e+00
-4.428346227867308471e+00
4.045534925984512142e+00
1.953058398502591331e+00
9.358636480781967748e-02
1.894435386538702915e+00
-3.414762682722567888e+00
-5.986897251372113260e+00
1.178976017504339779e+00
4.981098309920099609e+00
-1.611553925151696376e-01
2.379202486274451189e+00
-2.473784215627233607e+00
-1.776738635696119673e+00
5.132565109812702531e+00
-7.435855021819904209e+00
-3.965240079578165933e+00
7.696270104155033209e+00
4.783848236753271976e-01
1.678947048925749641e-01
7.465756502679113282e+00
-6.385457542387328544e+00
-5.847627395052199972e+00
2.474301541220967238e+00
2.552939298549205205e+00
-1.160036680277613641e+00
-2.990061823045309097e+00
5.302384838108480380e+00
2.523165360823057313e+00
2.203908478494952305e+00
-6.366457583342167936e+00
-7.541133145307000518e+00
2.871660322602608062e+00
3.392193272361225809e+00
5.552802140993506441e+00
2.258807089248634270e+00
-6.038670467554098309e+00
-1.870533363278099159e+00
1.136887220182074998e+00
4.306315686955983324e+00
-4.510012505437543950e-01
2.735491983340423872e+00
-6.216952347400422241e+00
-6.688238171170453938e+00
3.391637486028088233e+00
-6.205436631187936314e+00
2.524664748448145701e+00
1.897516820629718381e+00
3.812177589691472690e+00
7.149949981636893881e-02
-6.456861800480027114e-01
3.025163073448879913e+00
4.311994155377092852e+00
-8.572350568291412287e+00
1.846146249464709399e+00
5.655410628210688628e-01
-8.643193786858589078e+00
4.005146351438412466e+00
1.028867550400572384e+01
-8.784791788697944526e+00
2.911435203722803067e+00
-5.124575842510608936e+00
2.537150668287438293e+00
2.550936111856970001e+00
-1.459139817961272456e-01
2.733164463248300535e+00
-2.481446750500779785e+00
-2.324438319191827418e+00
-4.764881900634648559e+00
3.183871437387082892e+00
5.997430687854048870e+00
8.722268606946812497e-01
-3.022545024097027522e+00
-1.588871746251641071e-02
-6.021792295828731767e-01
2.461285548844486470e+00
-1.351348543485585196e+00
-5.241051204223836635e+00
4.210536353059382009e+00
-4.162596733761205314e+00
-1.957443185004194675e+00
6.287152554795270021e+00
-1.100302332388780258e+01
4.398323325042468923e+00
4.415701152398696649e+00
