-1.301339692495728784e-02
-7.825917483886613013e-03
2.544258389286957467e-03
4.579370097701485065e-03
-1.227679899481981529e-02
-6.688001651041108886e-03
3.080370721828762370e-03
1.671848608399240099e-02
-1.314122448245957919e-02
-1.809921024524996369e-02
6.887197643548947923e-03
1.325797857154276116e-02
-2.019136940998866869e-02
4.138910637935033776e-03
3.108814233115708703e-03
1.855749093667613536e-02
-1.602791939257741660e-02
-1.052103169752682810e-02
-7.028235619540579293e-03
3.034907676590781200e-02
-1.467456185888926790e-02
-4.422130062451179455e-03
6.076554632318709182e-03
1.997322966925230148e-02
-7.515631654122278960e-03
-1.602538212430171249e-02
9.623336916055880152e-04
2.071129703462237792e-02
-6.291970271026015027e-03
-2.624970094627698813e-03
1.005747246809574058e-02
1.954832370774184369e-02
-2.278255911513382692e-02
-9.185561830192812138e-03
4.900561540858827669e-03
-2.229194769887365979e-03
-1.463394031473663759e-03
1.432054581115060898e-03
-5.867095382318110453e-03
7.235602995400824966e-03
-1.442899766473648704e-02
-2.047290308480054222e-04
1.201721012232592756e-03
4.160685250756834819e-02
-1.338142162691990933e-02
-1.283715489647185848e-02
2.815677895017243415e-03
1.705747995603967837e-04
-3.584160501300059920e-03
4.713400563989500469e-03
7.490999216972715757e-03
-1.840845057159867793e-03
-2.871290280757632374e-02
-4.423363412115799420e-03
2.173773087217178990e-02
2.739044260446865664e-02
-3.023695696019546020e-02
-1.439600526972117933e-03
2.405383911736858060e-02
2.452097586110690841e-02
-2.780440879244139296e-02
4.454541542441070590e-03
8.674242165456425013e-03
2.045526457135493636e-02
-1.313438839018998827e-02
2.031583601963093955e-03
3.341537513774639478e-03
5.893828626523323067e-03
-3.861629485117035188e-03
-1.374073354902138888e-02
-1.227748281922513840e-03
2.045102805155374348e-02
-1.581935259552835760e-02
4.332753770242669944e-03
6.002132938456750111e-03
2.674002464870128826e-02
-3.452853046920623115e-02
-1.197563088608921689e-02
1.180387221980927492e-02
1.372979053774359137e-02
-7.631822321851222668e-03
3.261467537738482747e-04
-1.328040390618845379e-03
3.026044528852489535e-02
-3.262926134203669726e-02
-1.321392311156754928e-02
1.737319065660147821e-02
4.089279214190311151e-02
-2.359665579071923425e-02
-9.263382797483288300e-03
1.082828973344684975e-02
4.382715899122757719e-04
-1.721826409271320912e-03
5.856226944910281063e-03
8.191467952538999953e-03
3.248760168305775409e-03
9.659187177166739247e-04
9.619488943234610900e-03
-1.966916573419075220e-03
1.728214768191960182e-02
-1.283366267668895055e-02
-3.343824259509631247e-03
-2.807191245804530055e-03
2.337137078411766211e-02
-3.101861114150006316e-02
-1.432435823699229616e-02
6.113587556306088189e-03
3.055846931037753400e-02
-2.088111564919037377e-02
1.205260791493190098e-03
3.793011866359163875e-03
1.655198574657590349e-02
-1.190077991620919207e-02
4.542878917540349448e-03
5.043265207356872892e-03
1.732392689136696973e-02
-1.804049980096400496e-02
3.898230813296432729e-03
2.610788617396742062e-02
2.746493351559453622e-02
-5.709597632290730473e-03
-2.006836930824595910e-03
-1.392717991451686288e-03
2.609592674695537795e-02
-3.977239325474846154e-02
-2.015298542910048951e-03
3.598943913216001711e-02
3.926838578953506520e-02
