4.905221180795678038e-01
6.842045673284928853e-01
-1.065906751688885379e-01
9.883967300743279338e-02
-4.591636822161859754e-01
-7.876123733107363023e-01
1.742940415259852216e+00
7.580351832434928383e-01
-1.474373043120451143e+00
8.060881617557100753e-01
-1.788282544984937772e+00
-2.948571629857497101e-01
9.228793617101587188e-01
1.684669228462169599e+00
-1.700343001216694461e+00
-2.053836849786563334e-01
-5.096664764069060993e-01
-2.100355111635252570e-01
2.517293827048945332e-01
2.877738723002494226e-01
2.694579937855962726e+00
-5.329624328647923903e-01
-1.150508417611945333e+00
-1.704660587242273095e+00
1.676079434626345233e+00
-1.085859315385889090e+00
-9.080896459777960672e-01
9.384167287597193763e-01
-1.143733898073449495e+00
4.354441696935964501e-01
1.563220116452143316e+00
1.085467418122917138e+00
-7.408985668550087667e-01
2.958099388544326303e-01
-1.879439625911174971e+00
-5.477425966614646313e-01
1.047244180210100239e+00
1.807469302194306238e+00
-2.517075935913112517e+00
5.210648573183931376e-01
-2.643340841694339360e-01
-5.946950860011668283e-01
-9.152052183921455253e-03
7.207991457065645591e-01
2.409545308639451378e-01
-6.524900955444365991e-01
-1.005311100986418182e+00
6.047978277088361665e-01
1.795523508809779401e+00
-2.017527394092141435e+00
7.967907596745362753e-01
1.813191116575580963e-01
-6.885686528438839105e-02
-7.225444029027272563e-01
4.919472447825228301e-01
2.922355951354944636e-01
2.203653215841825386e-01
-1.629577351607167657e-01
-3.749345900187250891e-01
-4.907456846322304500e-01
1.119836787822805491e+00
1.053417894623009943e-01
2.680541718376787230e+00
9.934358075302895941e-02
-1.684076591499547249e+00
-2.514074028260125715e+00
1.848768734069139441e+00
5.413152690611013895e-01
7.749252104736115143e-02
-2.085223125195554417e+00
2.200907531635181158e-01
-6.574273114111406358e-01
1.388742194123011586e-01
1.076311834133889533e-01
8.139407837680465718e-01
-1.683875038692832504e-01
-4.676301274371894579e-01
-4.345435057879427632e-01
1.320971871358736394e+00
1.366918716634828002e+00
1.157390973083735730e+00
-5.100088641961662006e-01
-1.279970223493464232e+00
-1.969464867005925157e+00
2.568125361133525075e+00
3.216878984712479905e+00
-1.453207631238825570e+00
1.300364947513301672e+00
-2.154006473678307998e+00
-4.306815688657863461e+00
1.804430813691993762e+00
1.223744361228000344e+00
1.057620609358636443e+00
4.362853314166130758e-01
-2.343326124845901859e+00
-2.504194559803721631e+00
6.521571450875285336e-01
8.003533346415281358e-02
-3.299527808428024400e-01
-1.926491913499717157e-01
-5.056170228306200443e-02
-1.418442740917242872e-01
4.661330169243314003e-01
1.305664929180977651e+00
-1.942304855322021240e+00
7.302756782797814594e-01
-1.489916576458512054e-01
-4.005151164298581534e-01
7.550837283937852362e-01
-1.091801946628265796e-01
2.370284953817773044e+00
-6.066623880507506783e-01
-5.798032233526271284e-01
-2.033625539304495078e+00
2.476651959026085592e+00
9.949006418437136290e-01
1.805218810739489754e+00
-2.320446754566873437e+00
-9.196230984586151180e-01
-2.281624316183780365e+00
5.128678931143326736e-01
1.046216708497141212e+00
-5.110406045369302319e-01
3.559430803569370028e-01
-1.275991933177053284e+00
-9.441471908702681048e-02
2.674936710694069575e+00
1.996124844228546635e+00
1.266537786850506109e+00
-2.200619366449956260e-01
-2.867735640003459707e+00
-2.830158090617260314e+00
1.938482559484768331e+00
-2.362133552073501619e+00
1.007307391476956582e+00
2.433007214568760901e-02
1.066079637089387688e-01
-7.477379570367475026e-01
7.547169055520441816e-02
-2.475229860538092908e-01
1.282202949051566065e+00
-5.037352473797653829e-01
-2.397345066424634297e-01
-3.465923425017649606e-01
-3.501078302128405539e+00
2.992459409820597216e+00
-9.427533163294441465e-01
1.175812178084242987e+00
-1.538319172170389493e+00
1.854227290793190264e+00
1.532490388730593622e+00
1.048172907328194015e+00
-2.146885351060262792e+00
3.324624355437876488e+00
-1.903016652226824590e+00
-2.461085903225026073e+00
3.181689448255980324e+00
2.058119577097585307e+00
1.117681118211493185e-01
-1.395094984510947711e+00
-2.586927493456741445e+00
-1.788722162878087829e+00
1.525982281819253217e+00
2.150336505996790493e-01
6.984906373754284914e-01
-1.543634499148254235e-01
-4.244042982327300706e-01
-2.015859170019695057e+00
2.453464853746538665e-01
-3.778542072269459595e-01
-8.983846637587760142e-01
2.235073210845399672e-01
-1.691125470220811167e-01
9.213180173303783249e-01
-1.006189560456505205e-03
3.152823853844068935e+00
3.235670969529650165e+00
-1.961642162199794370e+00
-2.340941185972624794e+00
-2.555547586945266403e+00
4.732655944120125469e-01
4.932168430348440324e-01
-6.719709071273314294e-01
3.232992965846364086e-01
-6.256977105656034155e-01
3.846194811596603813e-02
4.527530215583794870e+00
3.757770123397747852e+00
1.627046225266013835e+00
-2.148057464149289331e+00
-4.147132880676721811e+00
-3.817679862661734091e+00
