-2.998727501771925041e-02
-2.904149776458497811e-02
-1.148168596969489919e-02
4.104469248367159651e-03
-8.639546309326551210e-02
-4.242232714453164633e-02
-7.940591138579478070e-03
3.806000086711058827e-02
-5.300584131035823710e-02
-4.380512687262871907e-02
-1.186591704710915351e-02
2.820685926468691207e-02
-9.695091771898090016e-03
-1.853170147860105921e-02
-5.844100333797452862e-03
-5.389940476100418820e-03
-2.360922877378657248e-02
-1.162987293588568782e-02
-1.669186168158454109e-02
6.154241895034884280e-03
-8.668987967640640058e-02
-2.932465485979873776e-02
-4.634701088366055544e-03
2.176175800429036578e-02
-5.208805948542005737e-02
-2.583712837823148867e-02
9.301408162689650538e-04
1.945837798913485628e-02
-2.335874664698867065e-03
6.708176487747907757e-03
1.804906149282636818e-02
3.894124727249081985e-02
-7.918343347016909561e-02
-5.083033634918421306e-02
-7.441404544039409430e-03
1.669107060069396908e-02
-6.156741254905329086e-02
-1.828682379491519683e-02
1.270928327533216162e-02
3.616138223378406735e-02
-7.305463210352813874e-02
6.974910889037566619e-03
7.222176734059448933e-03
1.797515191706233750e-02
-8.810739140291068416e-02
-5.695828766567356816e-02
8.174784646248545172e-03
4.088382104449106436e-02
-8.686025488272108852e-02
-6.450408653544403847e-02
-1.171817686446852136e-02
3.596716243911757260e-02
1.042410536148019595e-02
2.083998494952532532e-02
2.358979453903575774e-02
1.958343393826611489e-02
-3.627964860342092202e-02
-9.303670410489406351e-03
-6.627449343569624673e-03
-4.599996469484723960e-03
-8.903180043118963383e-02
-4.462450121209760034e-02
1.348891610556934850e-02
2.923548364390970988e-02
-8.740134105148267274e-02
-2.998080460181151707e-02
1.061375158729171986e-03
1.545320387298687592e-02
-5.113059957698729008e-02
-2.549779886223002556e-02
-6.134375194453811631e-03
3.001271199624455654e-02
-9.305961003827167843e-02
-5.821891153409142206e-03
8.800314087736182955e-03
2.223166808095156100e-02
-5.379898041415787091e-02
-2.107163527429012362e-02
-1.461591804692474739e-02
-1.805248787805679989e-02
-4.557374701092653524e-02
-2.441743548522645746e-02
1.356747234746658037e-03
1.441684134304344056e-02
-2.553566805596640954e-02
-1.438875387728288935e-02
-1.574855778543104989e-03
-3.814989213672292934e-03
-2.555952290486263045e-02
-1.834895886529852582e-02
-6.707809586943502822e-03
1.512228848543029081e-02
-1.107995520317277549e-01
-3.780293864149086858e-02
-2.568327424698790828e-02
1.202397983194303244e-02
-6.389728326523314017e-02
-4.709040230047634168e-02
-1.250200141388857489e-02
4.324257809041642808e-02
-1.592955234626503014e-02
-8.161803992910332539e-03
1.152617919854215245e-03
-3.271062905441102231e-03
-9.507705897530227546e-02
-4.288648921838689176e-02
-3.774047276418723840e-03
3.644903659094933523e-02
-2.097480505575588516e-02
-4.394329208823544164e-03
1.085753963697255742e-03
2.952459002449114855e-02
-9.187984541924376636e-02
-4.169548958298907593e-03
1.148415979939398923e-02
1.343700511627243799e-02
-9.034998506523472805e-02
-2.905824382196864342e-02
-5.531590041739420371e-03
8.740346520795583274e-03
-1.959757162990083401e-02
-1.916093823028841570e-02
-5.793115290700923126e-03
1.158857618599218320e-02
-5.018251660190187202e-02
-2.499654427405761936e-02
3.198296046684756533e-03
2.241669506623922281e-02
