-7.522107204948014214e-01
8.193594386734019963e-01
2.547192624832348429e-01
1.953477547178437135e-01
-5.137102998500608919e-02
-4.955650026616922332e-01
-4.867048175009117017e+00
4.935925719953090152e+00
1.105100077364042477e+00
1.904423344848851229e-01
4.157490117484030634e-02
-1.480350986118452283e+00
-4.381596009752954046e+00
1.306019669172471254e+00
2.244128198258266593e+00
1.648082712539178374e-01
1.204169273346892055e+00
-7.129120795636794128e-01
9.183644946731988057e-01
2.155366878879760861e-02
-1.357900909784220289e+00
-1.532279180398560925e+00
7.932452279057713440e-01
1.182715629345480579e+00
4.970533705802040458e+00
-6.415241188788172622e+00
2.472381845829929148e+00
-6.353242250070479713e+00
2.117095591957067313e+00
1.929745935526028688e+00
-8.101556625438092851e+00
4.825105317965594054e+00
4.423660069059252464e+00
1.502510716160671222e+00
-1.419232965787983858e+00
-1.250729590771086919e+00
-3.776519839901624209e-01
1.228535274215829531e+00
-6.531589351250346454e-01
1.432030279377897841e+00
-1.712961841897964632e+00
3.877223444018795817e-02
-1.424684704819867420e-01
2.141433522390556732e+00
-3.451361947209790060e-01
1.846836143586571666e+00
-1.301891923557064956e+00
-2.502248962271195865e+00
5.185633008721879378e-04
-6.190202144909875415e+00
6.194573786834936868e+00
4.437764046707769694e+00
-5.015105849892663059e+00
8.794513565404145083e-01
-3.433181994386330871e+00
2.295310863348277053e+00
1.055055192083941051e+00
2.465935725249067900e+00
5.803537393401398958e-01
-2.914737797293611266e+00
-4.033353143639715199e+00
-3.979831221914963635e+00
5.312740661867422887e+00
2.108943097297697022e+00
2.702936190955398388e-01
1.307264357323560944e-01
-4.530828680795963237e+00
4.744402304708287943e+00
1.475626060967869080e+00
3.851613182854407569e-02
2.881275109734815487e-02
-1.813177330219176042e+00
-4.573585020627447761e+00
-6.794127426286536320e+00
3.732251147610483599e+00
6.436646073335708707e+00
6.628694442024993805e-01
3.913170494060693727e-01
2.805237329338709173e+00
3.177157019245385072e+00
-2.850184990533151108e+00
2.426454483951616226e+00
-3.107088612310349163e+00
-3.521283837832342556e+00
1.477292147916642762e+00
5.646273030426129935e-01
-1.900502851856401776e+00
-1.360448345121568536e+00
1.287194337529157906e+00
-5.068600426672276171e-02
-5.862730252697815558e+00
2.471214460118645206e+00
4.066485220335025019e+00
4.168864883318690318e-02
8.008447930413922222e-01
-1.417887413880507097e+00
-6.457674820023527218e+00
2.646782914521892849e+00
4.018011811731895477e+00
2.498324836426164097e+00
1.673782313778929165e+00
-4.276578396891139278e+00
-2.698758045850269127e-01
1.334080923124815854e+00
-8.471453584438819462e-01
-2.590218849189511729e-01
4.659276319820548906e-02
1.851366492275019482e-03
-4.932984775178638870e+00
-4.104981614043708760e+00
5.488831960973129753e+00
3.327345149433270421e+00
-4.178431732265721621e-01
4.464980629751380548e-01
-1.094419856525348678e+01
2.438256375246382390e+00
3.805796021117188843e+00
2.735240306934443311e+00
1.263669407864043137e+00
5.937447888236420113e-01
-1.126106115660945761e+00
1.030793934926066413e-02
-7.333762686626243976e-02
-3.825582346028255643e-01
1.333912800541895649e+00
1.684821623920100819e-01
5.107965921067858517e-01
1.363256139303956616e-01
-1.132274320745466412e+00
-2.874835244786879684e-01
6.929393187184729186e-01
6.067252029595238128e-02
1.940269920996925634e+00
1.649531387966320040e+00
-1.565323197949339828e+00
6.910937154130181170e-02
-1.825591579634902928e+00
-5.626634382169442006e-01
-4.942951878703880197e+00
-4.863524767141242933e+00
2.496249107961247660e+00
5.974356325078730379e+00
-1.065992847257220433e+00
2.369122496869337624e+00
-3.204445814944619997e+00
1.650620521638501259e+00
1.715809356992537005e+00
8.803717239225647972e-01
4.405283575888603309e-01
-1.549272042303641683e+00
7.689863789655930759e-01
-8.062912061708971123e-01
9.190406556228083446e-01
-1.071671143671579784e+00
3.068190200526714762e-01
-8.798370780934305913e-02
-4.694315051789374138e+00
4.308301002920615019e+00
1.977413203824170296e+00
9.781608754820894092e-01
8.045471403458748227e-02
-2.658780933259393464e+00
8.682962416968535990e-01
9.185227706653904534e-01
-1.057968953282198754e+00
4.420532511583417090e-01
-6.392895865173784387e-01
-5.249818601058962031e-01
-5.599349409177065695e+00
-4.290567685595604530e+00
5.286545450736937823e+00
3.285284358481476374e+00
2.211768860136373860e-01
7.629297802026542286e-01
-4.001444638026740108e+00
-2.050046376752433730e+00
7.421382810294986143e+00
3.076711683024754507e+00
2.400862882633120421e+00
-7.053766593164112919e+00
6.606355080791956880e-01
-3.678226378219164872e-01
1.825414430860931247e+00
3.240576668093950730e-01
-6.748501137346352152e-01
-1.776988456449871023e+00
-8.361518530012830297e-01
1.085381105353050657e+00
-6.912600878978025776e-01
1.633702119416696519e+00
-1.140491308902710443e+00
-1.153098953150930583e-01
