-2.875084718202636225e-02
-1.844361649114167889e-03
6.430558367413796717e-03
1.143514831107439456e-02
-4.629784397537561880e-02
-3.348807941455267390e-02
-8.485654131189512839e-03
9.804003092468427383e-04
-5.813790598554069433e-02
-1.484129983851301127e-02
-1.623623015152286797e-03
1.779492275023986103e-02
-5.113074449073917727e-02
-3.759580635179760044e-02
1.158692193909516277e-02
2.407323586748311151e-02
1.299408059047446606e-02
1.402464536323244637e-02
1.872647354285361665e-02
6.024300650494374132e-02
-2.872492066863374660e-02
-1.736626824988296569e-02
-9.428140907931981118e-03
6.550418693579862506e-03
-9.371501101945889367e-02
-3.471290724480469159e-02
1.895511925009030207e-02
1.967036460438675860e-02
-6.406645909614749890e-02
-3.997463730298034257e-02
1.253503167111658101e-02
1.690443754612114269e-02
-2.562295465930164440e-02
-5.703454972694865788e-03
4.532003549013285948e-03
4.544465878166814576e-04
-7.908958990306880210e-02
1.292244931641706174e-03
2.602397992145455419e-03
2.012456194847889179e-02
-1.060376055906031567e-03
-1.148013496252953125e-02
6.885445303215886881e-03
9.326042807484169472e-03
-2.992132252159085404e-02
-3.674755000997786958e-02
-5.987565554828933045e-03
4.306577955804025137e-03
-3.600207425940515904e-02
-2.523295899900568351e-02
-9.496757183271364866e-03
6.449190422460393535e-03
-3.507946162864539197e-02
-1.609175589967959397e-02
4.707562979762824895e-03
-4.703495041199712290e-03
-4.957041135613149407e-02
-3.710069951771921559e-02
1.503794761447108108e-02
2.025615102191835604e-02
-5.213447852697861151e-02
-3.219393753032417926e-02
-1.216513734315527451e-02
4.110048212262018552e-03
-1.806232776193206213e-02
-1.571269362064420250e-02
-6.537352892150405381e-03
1.265766842870896802e-02
-7.739875790027106461e-02
-4.524253773971875781e-02
1.558039095611918334e-02
2.816932233723701273e-02
-2.868519227643240299e-02
-1.076558865589438696e-03
3.868790724393056379e-03
1.359852602921196585e-02
-4.141100589428070577e-03
-1.525393994320745072e-02
-2.786610831732483362e-03
-7.268151197428185384e-04
-7.312064414891117359e-02
-1.341710373041316018e-03
-5.046448750183341048e-04
2.614136567834557390e-02
-8.539050250206670079e-02
-7.653884560380919133e-02
-3.496141539018449151e-03
2.511114676587156147e-02
-1.725934734503620227e-02
2.135137725931102182e-03
6.887224337064346003e-03
9.685264988023911670e-03
-4.227278952271262824e-03
-3.137653395815620527e-03
-1.167887312750881534e-02
1.118213400079337561e-03
-1.768218134354149207e-02
-1.496299668862999255e-02
-5.929198341903862968e-03
5.298466020916769992e-03
-7.484661931166480819e-02
-5.243925985229758169e-02
-2.802610397453286772e-02
1.245926257618723554e-02
-1.855799577137040579e-02
3.262259856185778517e-03
3.839995684809860421e-03
1.245572570128250511e-02
-2.722262459427948755e-02
-3.919615194872561048e-02
-6.949160171829893429e-03
4.097788784927391958e-03
-1.187371643287282730e-02
-1.125457050190759034e-02
6.168796279056865117e-03
-4.277513512650488181e-03
-4.806214231403482806e-02
-1.684418483649330334e-02
-1.335398945091781364e-02
2.767112214127731562e-03
-1.694793730488819428e-02
-3.541270095237081250e-03
4.647017770068817555e-03
1.228660651109758639e-02
-4.806444073705828934e-02
-2.490449304968556099e-02
-1.133595753321614552e-02
-1.621501277342840552e-03
-1.268296544449065699e-02
-7.474416295006669486e-03
-1.432081761175352241e-02
4.637505009350562091e-03
-8.194281157133054272e-02
-5.534075184823428195e-02
1.103735049557963421e-02
1.918019698674289231e-02
