2.363863148952916049e+00
2.150932263151773327e+00
-4.042275583885057699e+00
-4.966053864511650318e-01
-3.628992569664433177e-01
3.545295797899399304e-01
-1.818388102734061818e+00
-3.945001243147885361e-01
8.457226997444280414e-01
-1.421125680763879018e+00
1.889358152876113195e+00
7.670998602835936708e-01
-9.308403781916666730e+00
3.305947891757284651e+00
-6.704810086656635804e+00
4.318283708743905436e+00
4.977553783034153412e+00
1.695955990589808948e+00
-1.081130339065055068e+01
3.453268070487993668e+00
3.208982001932241701e+00
3.686537552213508206e+00
3.204402932387580449e+00
-2.825841506183138563e+00
5.119281778594555021e+00
4.133845701942831852e+00
-5.087853099775273336e+00
4.779341535076611081e+00
-5.019765988316493122e+00
-6.741013834851017350e+00
4.045421943716917212e+00
-1.067044398238010672e+00
-1.725490051738745478e+00
-3.492956978072427887e+00
2.100101160487412244e+00
-1.888019373615748009e-01
-1.307563287314241052e+01
5.007415032762537521e+00
6.072630382254928350e+00
2.014376834320756871e+00
1.962223208869843916e+00
-1.921188362617996859e+00
-8.853564031490066100e+00
2.743520275111251294e+00
3.383093656703437091e+00
-3.820063532504178738e-01
5.338581096085917466e+00
-2.396903191062193628e+00
-7.162660517644638958e-01
2.255830735989235336e+00
-3.004553448244166702e+00
1.330081024655314081e+00
3.706340946270927361e-01
-4.741502326648543431e-01
-5.040525741255279968e+00
-5.935641430086150194e+00
6.285173910887237980e+00
3.820209052734057309e+00
-6.030199988283015955e-01
1.176481698978847135e+00
-6.560775903201943038e-02
1.443265531120943024e-01
5.560251813852374880e-01
-4.161641507859030753e-01
-6.375394138900531971e-01
3.566944792003425846e-01
-1.810474243058308730e+00
-1.450416875796534555e+00
1.098162733980316830e+00
1.325516724710723793e+00
5.475300156442841626e-01
2.707544562725132664e-01
2.924777585869591690e+00
-2.647166430997657471e+00
2.012458062963446537e+00
-2.916031909311115555e+00
-1.077935529296780715e-01
3.099930145419733662e-01
-5.400280074069897296e+00
2.704882154873132549e+00
1.859529124738756423e+00
7.196629277695905103e-01
9.584052724171527871e-01
-7.742786311532228183e-01
-1.095862421683641230e+01
3.382912901123390270e+00
3.167005530765877097e+00
3.403774354632403742e+00
3.269144959515003279e+00
-2.422559775827636486e+00
-1.952754141577671021e+00
1.329752258940715137e+00
-9.281599083049201226e-01
-5.375747410798510373e-01
1.697166956638255897e+00
3.123461118987478358e-01
6.315338490874466970e-01
-2.002084750663300383e+00
1.129726938159834049e+00
-4.916940300595484814e-01
2.682735496823340782e-01
5.268286110212443418e-01
-8.528224082803333772e+00
4.229551166536822393e+00
3.938353610790542803e+00
1.070219837824012643e+00
1.579350383285103021e+00
-2.148096269907327382e+00
2.187241980492842686e+00
2.025172602554519585e+00
-3.872662952863606733e+00
-1.160376387596642189e-01
-3.734369460357953585e-01
9.443460990159735502e-02
5.241980837389235148e-01
4.274376106379094153e-01
-3.466039899385009448e-01
5.335061476741032038e-01
-1.038674963658294814e+00
-1.123450240550880608e-01
-5.255341911072974881e+00
-5.103128007644073705e+00
6.309452332832364618e+00
2.989570176655576006e+00
-7.668431670238362585e-02
8.378653726118301392e-01
-6.738606696497967619e+00
3.840850248249580545e+00
4.522784858383246842e+00
-4.490090089750239599e+00
3.185175322377048701e+00
-4.048910734574064918e-01
-1.192515911643710069e-01
-7.255205492251093347e-02
-6.770768910129021378e-01
1.205150469522493495e-01
-5.805196273350361480e-01
1.277371402369752218e+00
9.048628227598953799e-02
8.433635606314311417e-01
-5.204859002452337791e-01
5.044916060093385113e-01
9.651117016019838957e-02
-1.007602839770015635e+00
1.143120968737648013e+00
-2.334300607619155699e+00
9.950363620068429782e-01
-1.002986401829076613e+00
5.168699700716672396e-01
7.429566149551192211e-01
-8.951458615949292152e+00
-1.496616749890634424e+00
5.313104954857436724e+00
3.122777736467057252e+00
1.475220190694628286e+00
6.124072468951311521e-01
-9.421397961646960084e-02
-3.290708243448534631e-01
-5.401319861671254330e-01
-1.077904924542281151e-01
9.884732343277988775e-01
2.832445757090340521e-02
-1.943498069973415454e+00
-1.382534977195973624e+00
1.251677541642266078e+00
1.341093362218416019e+00
5.355257355301716871e-01
1.758151498485176489e-01
-2.893637708509459117e+00
-1.993147310692648944e-01
1.281087084308154544e+00
4.480486300188601945e-02
1.263424504128991543e+00
5.903082604578457904e-01
-4.745852102812449402e+00
3.290059538246367765e+00
1.283393577919682116e+00
1.857457311856620663e-01
2.630084380641761754e-01
-2.898190223813941202e-01
1.353093925830251010e-01
-4.991468850758025155e-01
-5.386449421954040417e-01
-2.109053258819812982e-01
4.586425713137174398e-01
6.066890191286802292e-01
-3.692005692314310750e+00
1.293632496753971850e+00
7.225799931850218627e-01
-6.140563544083761371e-01
1.451061755274665188e+00
6.910388146178405577e-01
-2.569023957585415019e+00
1.941818997578550920e+00
-1.311841635514085169e+00
1.120058141006694541e+00
5.518850842482265762e-01
3.683964528731138444e-01
-8.790285162895727922e+00
2.868093559457165043e+00
4.881338713787613415e+00
1.841081961443549631e+00
1.132847985847689642e+00
-1.768410300176853411e+00
