-6.642886631380351403e-03
-1.834474727005108718e-02
-5.980593615619644865e-03
2.295043340852975788e-02
-1.914082665871252864e-02
-2.768347457313713456e-02
-6.735399171615696901e-04
-3.693466203560369365e-04
-1.497276783834178282e-02
-2.374407031287550929e-02
-2.508796805567037325e-03
3.042725055987460792e-03
-5.062148205812322388e-02
-1.293695263464700318e-02
1.067027968258194015e-02
1.766584854416364259e-02
6.157576912800388769e-03
6.162929396853034092e-03
1.381143050403488282e-02
4.555449293118485343e-02
-1.988616374134899445e-02
-1.042974175867827924e-02
-2.737031361581321320e-03
1.295147467680779485e-02
-8.181989180967641495e-02
-7.883719235503017231e-03
8.744253182134897884e-03
4.118712199237872795e-03
-6.067459879725034533e-02
-1.815981151616763434e-02
7.363163844604780905e-03
3.245213963543469582e-02
-1.682587363782106493e-02
-5.839423244652586220e-03
-5.191646417914697054e-04
-9.666363631921193189e-03
-6.560227443904764755e-02
-9.143774272257765290e-05
1.215604889234445096e-03
2.686758376380704583e-02
-3.778272089909773257e-03
1.509599757607782422e-03
-9.543109958843665197e-03
6.735287253003541252e-03
-1.678884748122233539e-02
-2.625457906566985855e-02
-2.669200870324628383e-03
2.245874562965433086e-03
-2.352766113780280222e-02
-1.519750238545847232e-02
-3.428629078692235765e-03
1.198165208236678936e-02
-1.115159489379968782e-02
-4.862230417758350853e-03
-9.090940267386438123e-03
9.453213043673747151e-03
-5.061837676533942343e-02
-1.182471557400321949e-02
1.203357916635283686e-02
1.613605993982614173e-02
-1.927500354333200328e-02
-2.970151706224122279e-02
-6.181346022561262643e-03
7.257145260292308109e-03
-1.124524211868416224e-02
-8.369716590969078496e-03
-9.740036845051758263e-04
6.179678690995338286e-03
-7.180077863643896663e-02
-2.905225059237537266e-02
1.867045651739696055e-02
9.881722425133077081e-03
-9.122757213070542548e-03
-1.607301464292310023e-02
-3.098217650679746527e-03
2.687696005345086014e-02
-3.566403520123495596e-03
-2.954096668205785647e-03
3.541569671708710842e-03
-3.197045581945223702e-03
-6.423754778377044339e-02
-3.005269041604918812e-04
2.018953381200949693e-03
2.737592877225369925e-02
-7.791974148470126593e-02
-4.838485678209747398e-02
7.933404642430419429e-03
2.429540380206862693e-02
-1.868436966515396591e-03
-1.207931252750693574e-02
2.673709057209094908e-03
5.640687893360363248e-03
-3.643591735920992392e-03
-3.540553524232548099e-03
3.435259524034339762e-03
-1.165027524613337917e-03
-1.149974722848834396e-02
-7.814912304648702346e-03
-1.538177686416286605e-03
5.255410974227325838e-03
-4.485309508394408340e-02
-3.912571931359520860e-02
-7.526397678775165190e-03
-1.700058067936716100e-03
-1.635129731523132790e-03
-1.234795567833613106e-02
2.903519671028309546e-03
2.933540421047764468e-03
-1.528964172045554903e-02
-2.728118247661637241e-02
-3.372978690047379047e-03
3.202961640895285456e-03
-8.275477017719801154e-03
-3.844824157123394315e-03
-7.636814278479286955e-03
6.407671152442340201e-03
-2.435761522025980952e-02
-1.204362123736735235e-02
-2.480508094909961159e-03
1.207198049116819938e-02
-4.533751161870824831e-03
-1.056087230554814127e-02
2.469106673817389463e-03
6.191732395230520325e-03
-2.538171284897638991e-02
-1.252910133361950784e-02
-7.192556852071874118e-03
-1.172582334732830134e-03
-5.506789825779900838e-03
-5.039478628783511382e-03
-1.042451140510913810e-02
6.982656341285142787e-03
-7.164486198351327495e-02
-3.765684871492447350e-02
1.729301326880938738e-02
9.876604768251473487e-03
