1.142921969064303767e+00
7.171030845487820216e-01
-7.298525363107160047e-01
7.867997161252873184e-01
-1.730745537339885232e+00
-2.178930253662798577e-01
-1.305458502700361123e+00
1.311612194515106466e+00
-5.191276248094425227e-01
1.416637881004589872e-01
-2.302320002007007815e-01
5.096128289779784382e-01
-6.088133313181245398e+00
3.969548333562499920e+00
2.184542893448508494e+00
-5.916957920269780402e+00
3.306614244454735285e+00
1.622344834661092250e+00
-6.089852081371560644e+00
2.383044220501602695e+00
2.291297971531719213e+00
1.528691357842149046e+00
1.301936671277658775e+00
-1.554140155427418790e+00
2.528162101894380953e+00
2.225301227173986263e+00
-2.391438809438184876e+00
2.320154608853499667e+00
-2.214206283618239013e+00
-3.269316295254441229e+00
2.197642894428312843e+00
-1.316295262786795206e+00
-1.202503210368490727e-01
1.311068939197596706e+00
-1.872641741303226581e+00
-3.330856475720196386e-01
-9.464658818083165670e+00
4.173349702893858648e+00
4.490445149385507762e+00
6.692036957024640742e-01
6.107202590812335075e-01
-5.498152101304043526e-01
-4.927988011636884380e+00
2.872552736337354418e+00
1.587270380907881417e+00
2.551522672063455843e+00
2.587256704386931006e-01
-2.390887238541736792e+00
-2.525576821976045494e-01
1.281662094448250855e+00
-1.873901511162443967e+00
8.341053553691040179e-01
1.197729828648732564e-01
-2.415974824987330294e-01
-3.806206481095713912e+00
-3.798941689194862192e+00
4.415475215691117228e+00
2.907965844142225365e+00
2.179380156606356422e-01
-1.068423541957912448e-01
3.625950031269695728e-01
-1.041566366384358844e-01
3.261358418809692239e-01
-4.650608797317943299e-01
1.808646822110517860e-01
-3.508252765324186839e-01
-1.249426184780304538e+00
-4.602043010295773229e-01
8.956447791809551973e-01
4.123435068594858421e-01
5.619808086207456199e-02
2.991302838063916170e-01
1.275551728386901118e+00
1.423333506935108517e+00
-1.018772036327646902e+00
-1.242439451745553924e-01
-1.518805884809879103e+00
-2.258720965032381400e-01
1.675436863524581099e+00
7.563067437290271755e-01
-1.920299297623017765e+00
-1.404985395502080792e-01
-5.354982033777844208e-02
-3.276271755220960813e-01
-6.267637921409090040e+00
2.540213054075749710e+00
2.232486400318634878e+00
1.470424670903824449e+00
1.356267757414983066e+00
-1.488212498886767321e+00
-1.367526910404222917e+00
-2.716540054886706912e-02
9.980648101804234784e-01
4.049893923374412452e-01
-4.116463402129681981e-01
3.254691912639486873e-01
4.893760041636170399e-01
-1.038020015760707793e+00
7.835137342939049176e-01
-5.985940119198289722e-01
4.807313381036664168e-01
-8.027016146182575085e-02
-6.640726298445798648e+00
3.286769449257818110e+00
3.480860949601364496e+00
5.828992966835073730e-01
7.184921264228023574e-01
-1.351002511868870215e+00
7.327501238269462647e-01
7.687407114738817882e-01
-2.804195078682312214e-01
7.520411533078572575e-01
-1.802224399256061815e+00
-2.208307734644563425e-01
2.034516751565291770e-01
-2.493141655409800705e-01
3.080377351312790779e-01
-1.645125947134005173e-01
1.370230704263661892e-01
-2.265304862087305082e-01
-3.477038017619051402e+00
-3.315259229687569587e+00
3.960115643182987810e+00
2.353248742036939234e+00
1.329432758578548146e-01
1.801085293789981279e-01
-5.516473856583090196e+00
3.947563894796871864e+00
2.755461505380850440e+00
1.925638389992030852e+00
-1.913638302272914871e+00
-1.127135262880017308e+00
-4.756685586946218791e-02
8.803226670363528683e-02
6.021212953287999881e-01
6.836489185619143427e-02
-4.917982620855383402e-01
-2.438280390488358762e-01
7.422825344177397255e-02
-3.027996005058923856e-01
4.281833811758843922e-01
-1.863137233023195449e-01
2.411324089784301350e-01
-2.369523538510094340e-01
9.539762201179513568e-01
-7.139266316809909085e-01
4.135303277430892877e-01
-1.199620587875315891e+00
3.032686630764942493e-01
2.753396608191422956e-01
-8.665772325092333972e+00
2.228863591968519131e+00
2.013516213710602187e+00
1.238704176300473137e+00
3.075146189818312337e+00
1.584282724600569736e-01
-1.625214626738369361e-01
1.771506257148303121e-02
6.495250358403126256e-01
-1.065177388937712522e-01
-3.542232287613558128e-01
-7.679267962538460779e-02
-1.301658979758428814e+00
-4.561553418236030666e-01
8.849742568693699241e-01
4.348050288680127551e-01
4.547280725944347068e-02
3.431929223670522333e-01
-1.741894183366952120e+00
1.032990632874629000e+00
1.780522790139684730e-01
6.382504817523226848e-01
-1.063177845296792157e-01
6.568649115045843700e-02
2.106616477896025685e+00
5.885991009314182065e-01
-1.529497266755370788e+00
-1.318141746293122196e-02
-2.509548896349542702e-01
-9.685794286025810607e-01
-6.215540445062117669e-02
2.990400627359832697e-01
3.559736612073152173e-01
-4.702348293583042960e-01
-2.824141950942902213e-01
1.153216471105196206e-01
-2.139140900660194688e+00
5.076989321242422193e-01
2.496361674068481307e-01
-2.874810789690798174e-01
9.116397121472914478e-01
6.602859850412130527e-01
-1.757099659640658729e+00
1.004391384311901447e+00
2.309153886783690268e-01
1.076946540004612984e+00
-4.045276519213700794e-01
-7.327251436029769138e-02
-7.031318111028028284e+00
2.678569732108528001e+00
3.839768449214176371e+00
8.955394011534991705e-01
1.102581802745135064e+00
-1.360635484314613564e+00
