-4.115206593965381465e-02
1.755175224009919432e-03
8.267597916432389837e-03
1.749169156975538542e-03
-1.192317872948045476e-02
-8.480664658908843023e-03
-1.889544221774785981e-03
2.364921536387654122e-02
-5.607924160086152909e-02
-5.607916977809512815e-02
-3.843824755309643848e-04
6.486215025418728963e-02
-4.115209968794264483e-02
1.755099888423483634e-03
8.267654214165531812e-03
1.749455862781079674e-03
-1.192346491583973211e-02
-8.480717999059805834e-03
-1.889390744812979861e-03
2.364931377704992954e-02
-6.794012284934058954e-02
-5.042208761850686116e-03
1.046879324092531149e-02
1.117467910008840271e-02
-4.127872918945851843e-02
-4.127802988496176440e-02
1.561549809034157299e-02
3.505176792455833024e-02
-2.793042334414153061e-02
-2.793021280774588000e-02
4.568336043405230029e-03
2.629743978523668702e-03
-6.794010425604590786e-02
-5.042150274334966653e-03
1.046879424799507241e-02
1.117506507446863750e-02
-4.793345316657493527e-02
-1.404752315945034802e-02
-9.519149503756096919e-04
1.757841038414520440e-02
-7.232972061754106008e-03
-3.730753178913914780e-03
-3.730576160885679116e-03
-3.103301483073694911e-03
-1.660018268426033394e-02
-1.549797663140095594e-02
-1.549778517171818137e-02
-5.457846977544367206e-03
-1.802024011516767388e-02
-2.443613176752656990e-02
-1.270758292852613991e-03
1.402500669350992268e-03
-4.793336019082583555e-02
-1.404713432685023022e-02
-9.516125833226585229e-04
1.757910466670198346e-02
-1.095591117016203597e-02
-1.277749240103931427e-03
2.339361931926520199e-03
-4.400056095282156576e-03
-1.206861888072552347e-02
-8.008290302954801376e-03
1.468591018622733557e-03
-7.820235324023760981e-03
-2.172259310511392982e-02
2.501641714697466767e-03
8.336924527598821300e-03
8.336979493376306394e-03
-4.716815744927349563e-02
-1.152975501557196303e-02
-1.152964406827772237e-02
6.793786014565039721e-04
-1.095642330770330020e-02
-1.278001949839291385e-03
2.339031713865846740e-03
-4.400339159390309618e-03
-1.206846238400638427e-02
-8.007312707294822474e-03
1.468643010713144292e-03
-7.820000655015757474e-03
-1.802028081274942295e-02
-2.443584412020505248e-02
-1.270498274951625817e-03
1.402621107455148675e-03
-3.649155433516626523e-02
-3.649144215005617475e-02
-2.154651952683406257e-02
6.245458717003993243e-03
-4.058910196039011709e-02
-2.792367819646424110e-03
7.152042559070981298e-04
1.381369666292808773e-02
-2.797449691760589552e-02
-1.771748623640156950e-02
6.270147823705940482e-04
1.193417670715235523e-02
-6.275232560000110205e-02
-1.437139283564170533e-02
1.068988727947828288e-02
1.154454791187631280e-02
-5.768318770833147369e-02
-1.499148537684069638e-02
-1.009156134419209039e-02
4.609169836907933693e-02
-9.010769339844459935e-03
-4.648481142596638804e-03
-4.648347547007380953e-03
2.135904617239003933e-02
-9.172011178300243373e-03
-9.171697592527339182e-03
-2.108038303742754138e-02
-7.855261916936528976e-03
-6.275195843525982475e-02
-1.437150649469387531e-02
1.068982422889641626e-02
1.154406699475285514e-02
-5.768344041417106105e-02
-1.499177955384123351e-02
-1.009147027475365554e-02
4.609098647700782259e-02
-4.058926761640457848e-02
-2.793058782805335483e-03
7.154877895978462021e-04
1.381339905478085051e-02
-2.797424113320912120e-02
-1.771765686477411172e-02
6.274135840975691991e-04
1.193442817774736930e-02
