2.571150439470955007e+00
2.457883425443625924e+00
-3.830968056527666477e+00
9.035368419176847965e-03
-5.788990316905540112e-01
-1.064619086545775417e+00
3.520873584285268976e+00
1.692458874072301001e+00
-2.758376893382603612e+00
2.644033828520321094e+00
-3.015332904200590747e+00
-3.038441927337174775e+00
-3.653849272312939434e+00
2.644226994255504337e+00
5.643819661600275595e-01
2.644269298272064361e+00
5.643217110107201506e-01
-2.594326408219828295e+00
2.571142330921716734e+00
2.457921440999669471e+00
-3.831009459568235798e+00
8.952059487015162631e-03
-5.788827998332948255e-01
-1.064530347717834502e+00
3.521168886267190601e+00
1.692331212082279990e+00
-2.758419692173475823e+00
2.643911509558478201e+00
-3.015349527743481417e+00
-3.038438959172012233e+00
5.162160029412916629e-01
2.965536385255234109e-01
3.708803822225490876e+00
-1.025810754593962315e+00
8.844190612242641691e-01
-4.351004554319146678e+00
2.902956446065417140e+00
8.413242556315907450e-01
-2.677430328333471721e+00
8.413057751826471531e-01
-2.677274527238608925e+00
3.886813684582364203e-01
1.267898848956605207e+00
1.787692103759496831e+00
-1.841882925465867515e+00
1.787605283571835457e+00
-1.841824405416517152e+00
-1.601987718689230178e+00
5.161936192822480507e-01
2.963856756587830432e-01
3.708952041022200774e+00
-1.025891686226074739e+00
8.844122830441847327e-01
-4.350882740743330146e+00
-1.982914676953328126e+00
1.447144616320898081e+00
1.581507748640291311e+00
5.574376518326573660e-02
2.336864534856317732e-01
-1.320255852229053062e+00
5.154530650722364271e-01
5.155501789291321302e-01
-4.729934862214975055e-01
3.684632173315804948e-01
-5.062967378776335181e-01
-5.063129762838229908e-01
1.285142815988834286e+00
1.285106358494815026e+00
-2.120403676107230240e+00
2.186025614231780878e+00
-1.535646458874580844e+00
-1.535611171538832309e+00
2.220387076011050453e+00
1.064360620150011982e+00
-1.525933915296391774e+00
1.232431670253646416e+00
1.438544591472975753e+00
-4.422925204760559836e+00
-1.982863858760410380e+00
1.447135490413586467e+00
1.581461925953121295e+00
5.576608876786792734e-02
2.337269431899500205e-01
-1.320314531541740166e+00
9.379963252055460998e-01
9.769572806536075404e-01
-6.479355508251813944e-01
8.157489499162693392e-01
-9.768452311617892292e-01
-1.304748306120700363e+00
8.712764965433450470e-02
3.828894355525278570e-01
-4.869334981381427951e-01
3.078758491297719502e-01
-1.177568007692855190e-01
-2.175712361532760042e-01
1.329861690032558386e+00
5.297641051784580668e-01
5.298947878849133986e-01
-1.065898552017557677e+00
-1.065862658976300281e+00
-1.764698580364267855e-01
-2.778029364207142748e+00
-2.778055861170301455e+00
4.498425795388641291e+00
1.077719835596482767e+00
6.899663600701444466e-02
6.896344977184298841e-02
9.379198883272152898e-01
9.769985923996387100e-01
-6.479475698298955422e-01
8.157273931904427400e-01
-9.767720469283176499e-01
-1.304747707302880144e+00
8.724532310995414264e-02
3.827395966071662770e-01
-4.869485353219857870e-01
3.079231105781730093e-01
-1.176784444698455445e-01
-2.176507527777289397e-01
2.220278247576359831e+00
1.064461802953928782e+00
-1.526030370666632052e+00
1.232563516258323943e+00
1.438579268067229577e+00
-4.422985492232001548e+00
2.978354052318877621e+00
-2.599006379113191656e+00
8.585379209801544675e-01
-2.599061838188703177e+00
8.585482264143990960e-01
4.972508462467999379e-01
2.825691743598568451e+00
-3.758133541674425260e+00
2.294558942784462374e+00
-4.977473137679595538e-01
-5.426255129488311013e-02
-1.252913494335288647e+00
1.497498476935533063e+00
1.629590223329728360e+00
-1.902619078727852298e+00
1.441008435630493523e+00
-1.461660915128746296e+00
-1.608044183119062609e+00
5.691077990478277115e-01
3.918576472734159211e+00
-5.379438084243872709e-01
1.089802322686921343e+00
-1.169451906818167686e+00
-3.883006404312865811e+00
-2.016081785307704877e+00
2.913531721629610161e+00
1.200694660216498733e+00
6.686644038227882447e-01
-1.047348688347454981e+00
-1.669392060466662997e+00
8.919307122118880216e-01
8.920293090745872178e-01
-6.303280539891886747e-01
3.997362271835385172e-01
-8.514470115310786014e-01
-8.514782260604363273e-01
8.148177022760449972e-01
-6.528043843521516010e-01
3.152058491170066645e-01
-6.526499442222331027e-01
3.152782793188038113e-01
-2.283562548818451887e-01
5.688844976023261779e-01
3.918575854241112211e+00
-5.377531909661570353e-01
1.089889947732956443e+00
-1.169487776771973131e+00
-3.883014784434251965e+00
-2.016191869757975041e+00
2.913421164260299179e+00
1.200863870868872141e+00
6.686050636653817492e-01
-1.047269592831014506e+00
-1.669360383727692465e+00
2.825615501526286266e+00
-3.758179099896594266e+00
2.294630524445793185e+00
-4.977924225965750793e-01
-5.425214201800088176e-02
-1.252828438774457709e+00
1.497627817548391249e+00
1.629528898891535960e+00
-1.902611915233975992e+00
1.441077100875475026e+00
-1.461702797679251375e+00
-1.608163756014050705e+00
