-3.856152394175582643e-02
-1.350854000269863242e-02
-8.878191358772324904e-03
-7.996218706691538003e-03
-8.542147178739489810e-02
1.237413413511845306e-02
2.107563526584943503e-02
2.448913417498355116e-02
-8.256074656393996847e-02
-4.711665454846247769e-02
-4.490141298605831999e-02
3.110552069463889957e-02
-7.431208945843681413e-02
-3.343892080497434804e-02
-2.806786142794059913e-03
1.567599422806242870e-02
-2.262369314103285234e-02
-3.419262125279542985e-03
-1.048589558437340585e-03
7.351463610986375130e-03
-7.542016603181678214e-02
-6.119188437163636252e-04
7.087633705669116324e-03
1.907440426182960280e-02
-6.968446781898784970e-02
-2.890086535568614501e-02
-3.054894596508916926e-02
5.217769428758289862e-03
-6.574541378184250995e-02
-4.070447211554206746e-02
2.024643089533206819e-04
1.368754591373622098e-02
-4.339029417815432055e-02
-2.552562875917163687e-02
-2.519057882265784976e-02
2.572849141208610746e-02
-4.608083493493486671e-02
-8.505088405017957598e-03
-8.313501546152846089e-03
1.309406083280473254e-02
-6.151245308506303466e-02
-4.160840264707976743e-03
-3.610162750363965500e-03
-1.202605054165495346e-02
-5.247151098550495441e-02
-2.039700840720737318e-02
-6.128324051839717512e-03
3.024137053393416430e-02
-5.169121934500719995e-02
-7.117701974775236806e-03
-6.567714335045105045e-03
2.331958145104362501e-02
-5.578845221857187120e-02
-1.589388059833596323e-02
9.030948409419092826e-03
1.290872310060642292e-03
-3.709021915232058042e-02
-2.384152946852302613e-02
-5.568986122965080554e-03
-1.192558717035940852e-02
-4.863604774985530455e-02
-2.921655342893636487e-02
-3.919550701954044314e-03
1.955253666594058970e-02
-3.828592708554356960e-02
-2.813435959835297595e-03
1.364517635083606351e-03
2.363276933097746557e-02
-8.956823063228069870e-02
-6.044018617922608527e-02
-3.435020106170227905e-02
5.324588548109887576e-02
-3.603983562701973398e-02
-1.818288732287909326e-02
-8.178859294613705089e-03
8.239432050930917129e-03
-7.070199906060525841e-02
-2.194960657013744765e-03
5.326596797861071764e-03
2.226525278618529669e-02
-7.824696157851862566e-02
-4.722224041264633243e-02
-2.096047062821781992e-02
3.051694931909687547e-02
-6.908132951077061712e-02
-4.832626111655091705e-02
-4.537390067023583384e-03
1.884572492342106997e-02
-4.044966137982264343e-02
-1.625797989100696839e-02
6.684168556304381781e-03
1.119543378948018031e-02
-6.476878913130024173e-02
1.484786728588538551e-03
2.317074524659523682e-02
3.413734068639584507e-02
-1.254929153024513244e-01
1.927076606109201506e-02
2.777187188855512190e-02
3.463618262718415330e-02
-2.834031937855430172e-02
-1.356992483820529394e-02
-1.269705346354577102e-02
1.358857300110805078e-02
-1.042313919714987769e-01
-3.194963256463112522e-02
1.554290543823078075e-02
6.276165252842913489e-03
-5.962694908173737929e-02
-5.075543022337414278e-02
-1.988041277174246169e-02
2.886972499551432314e-02
