-3.544298856129458386e+00
1.985776573175996873e-01
1.019233464746420736e+00
1.762824067165425390e+00
7.189706626348879581e-02
3.345877079880779092e-01
-1.416872423118306301e+00
-6.184066531585727944e-01
3.510284838371447336e+00
-4.814141154251672106e-01
1.529784690204962772e-01
-1.124343688691396892e+00
8.055080175626869732e-01
-4.965974492772318172e-01
9.032583773742430822e-02
-8.404293070609440974e-01
-8.493496230950370318e-01
1.322446685359381036e+00
-8.339056780903462140e-01
1.439668238610096296e+00
2.766468705106518655e+00
3.610351692551034830e-01
-1.154882574755291103e+00
-2.651970747708588760e+00
-6.205391600934575536e-01
-2.951088555102074906e-01
-2.119716141883259297e+00
2.436149641844792768e+00
9.546753269836614209e-01
-6.036301333339224584e-01
-2.723683779683909734e-01
4.462805274432980696e+00
-1.342859211350273085e+00
3.571574254773111079e-01
-3.015358483248633092e+00
-3.069467163710868363e-01
-6.770315060599045864e-01
7.429759999465233022e-01
-1.632565783121890490e+00
2.366446901841797512e+00
2.276024304454281832e+00
-3.141838254320646229e+00
6.234436292241070987e+00
1.933186568565545826e+00
-5.208008949484266736e+00
-3.736979909650656850e+00
1.939829131522969874e+00
-1.414346293431236745e+00
1.056369074176615186e-01
-7.608478224177019911e-01
-3.404706183455033397e+00
2.202844185833427559e+00
8.180604653926053516e-01
6.814508977661830613e-01
1.546342918282860524e+00
1.373003991978507088e+00
6.196596108506184919e-01
9.781553260976210140e-01
-3.578762824873166437e+00
-9.012881566393957655e-01
3.959108244248852770e+00
3.979803902061803456e+00
-3.332525096265129605e+00
-4.041994015294179121e+00
-3.326317344847211643e-01
-4.995907519948161735e-01
7.676627971543439344e-01
3.877752114262591476e-01
-1.749379591000675305e+00
7.273488820931959253e-01
-6.250463793520566469e-02
-1.279870690128177557e-01
5.466786759225641390e-01
1.417814978307774254e-01
2.121023865317837931e+00
1.473428344654394095e+00
-3.518682266479828513e+00
-6.651018194190925215e-01
-2.012420529278358572e+00
2.832172481254090712e+00
7.770510279849105473e-01
6.109290665575883850e-01
-8.437302566423596772e-01
-1.472682289846105164e+00
2.733285615684067693e+00
-2.113818256638069215e-01
9.255956185288596316e-01
1.904419111010895449e+00
-5.038033181010973749e+00
-6.682236973398687496e-01
1.687906790221518349e+00
5.979627723994838107e-01
-1.326247634425442357e+00
-1.597847269513692936e+00
6.465936124303794941e-01
4.456835688264959572e-02
1.454785616501766299e+00
1.045180746781440462e+00
4.597568898288670880e-01
-7.513233077933989534e-02
-9.281603308915862272e-01
-1.887433569266946165e+00
-2.286691965710502927e+00
8.863902508080911957e-02
1.010308396668733621e+00
4.687929748180692968e+00
-1.776148459850816153e+00
-1.850125120006708812e+00
1.491687057744400136e+00
1.561819266746198309e-01
-4.960337713350071454e-01
5.327581657246298619e-01
-1.842117351694326999e+00
1.909035392871913928e-01
1.340931081213057041e-01
9.253579615190687946e-03
3.294946739264233315e+00
9.007190377208473819e-01
-3.014807597364338676e+00
-1.197725294572990151e+00
-4.397722575096452147e-02
-6.108813998662867562e-01
-3.226056184007290994e-01
4.059997215918244251e+00
-8.342337900118081961e-01
-2.514486455903195861e+00
-4.854713871604587894e-02
3.858000290924252340e+00
4.461781041243995105e-01
1.600402876408821840e-01
-8.727442907511431258e-01
-3.892787279816246837e+00
-2.411509524543859584e+00
-2.233709046211345139e-01
3.073058189525070816e+00
-1.055427797194468553e+00
-8.057930713663097322e-01
1.079114320183151676e+00
6.710228893361431801e-01
7.610244041811853322e-01
1.893309042032683465e+00
1.373675070886790195e+00
3.322518559580203146e-01
-4.975250119750327826e+00
3.561496697792847499e+00
1.807626797337192670e+00
-1.907657337878205794e+00
-8.499314140536284867e-02
6.076509222552175515e-01
-4.088928619731746039e+00
-8.500231431188325359e-01
-1.967167655190621645e+00
-2.799589230203253010e+00
3.201718507697520977e+00
2.755869995880175338e+00
-8.900179083183701323e-01
-3.349031706394256958e+00
-2.224259293677164351e-01
2.185979724804610669e+00
2.055411070359511427e+00
2.887779607190537945e+00
-3.418029018739304092e+00
7.064165513605757951e+00
-2.257089785192988529e+00
5.265872154817969886e-01
4.966622045417906861e+00
-5.160955826648660150e+00
-6.674555752553189336e+00
