-9.640035461068094946e-01
1.788682839129052127e-01
5.395755303695466409e-01
-2.503350771697796517e-01
1.496796079037679306e+00
-1.056320623576866069e+00
-1.816300824344594389e+00
7.933355165314850410e-01
3.396210129433399061e-01
-9.538840753007775675e-01
9.551722251050733803e-01
6.236745475888056944e-01
1.987701245025704111e+00
7.450350623238648495e-01
1.187505501456627144e-01
-2.727369548927285337e+00
2.319993922049121693e-01
-2.681163149801619738e-01
1.723734018313663796e+00
7.391842091077620580e-01
-6.983728990377500168e-01
1.111507203612475791e+00
-9.836242450106169599e-01
-2.189756697045226019e+00
4.791424920397560072e-01
-3.166948110907696901e-01
-5.823575863290244570e-01
1.102582569925615985e+00
-6.093450212183739723e-01
-1.524537525769744661e-01
-3.900998868520233032e+00
-1.525159254693605249e+00
-5.254329750560913226e-01
2.511691609906350209e+00
2.063298759437557806e+00
1.275899872848285099e+00
2.045731253713455544e+00
1.309368363312501060e+00
2.118426191232458677e-02
-3.150086072425182238e+00
-8.463623613836546156e-02
-3.595887928085517160e-02
-9.616127992705898464e+00
4.097826453585881268e+00
5.067213256732813420e+00
1.376468624507879213e+00
1.251743694073184088e+00
-2.049640748922726630e+00
-2.245996695601917281e-01
4.188035601496551408e-01
-3.343479023826034791e-02
7.861619655013782904e-01
-5.055894636496134353e-01
-4.977034078305422327e-01
-6.192848904900671414e+00
1.582310886555731599e+00
2.790292877927626591e+00
1.489133370480999474e-01
1.320680071338102834e+00
4.039767452684657201e-01
6.168010025744337099e-01
1.353949886687757953e+00
-1.450026021083814953e+00
5.603042576874202041e-01
-1.124427611365575785e+00
9.267391795741275473e-02
-8.046140255202061553e+00
3.987185860916454772e+00
3.039767777940099336e+00
1.617142534563470235e+00
9.275665852427295022e-01
-1.454252345340691477e+00
-9.757415516164286373e+00
1.965930032868826061e+00
3.784634698190799895e+00
3.419089399391140205e+00
2.266203964519291958e+00
-1.864117401752906744e+00
-1.449172692185257461e+00
5.965863775794360890e+00
-2.591420892121547581e+00
4.784825073979860122e+00
-3.875842683465094751e+00
-4.145473084531374752e+00
4.063115874504106273e+00
2.197005403767235521e+00
-1.964316904509630035e+00
2.215280889403459241e-02
-3.829170833154961429e+00
-5.481457498532620320e-01
-9.186611831862762756e+00
4.385447191734130001e+00
4.452664805594977793e+00
2.171293039535058256e+00
-4.346592489882539212e-02
-1.754302329044421072e+00
7.205428882591405682e+00
-1.239059708547782179e+01
3.430768689698780349e+00
-2.532579522397924165e-01
-1.537776105486017286e-01
8.065199997364231876e-01
-5.338010531386458979e+00
-5.869506988973569150e+00
6.345364765957185682e+00
3.976183711109968044e+00
5.032141574419171093e-01
7.146809252280661440e-02
4.212299633550259159e+00
-3.422252308867697934e+00
1.589138674078299118e+00
-3.541254135173460327e+00
2.068795059290650329e+00
-1.843018091522864665e+00
3.692728892837493504e-01
-6.428189970616813298e+00
3.628611970406808496e+00
1.243586099425030511e+00
3.197504103476092041e-01
8.310390176105784121e-01
-3.159945742802847235e+00
-7.805075163294091567e+00
7.869285302787986325e+00
2.774890563780957109e+00
5.936326068069348594e-01
-5.690158815936143810e-01
-7.933594607660580778e+00
4.533315002485210243e+00
3.866304322782696090e+00
1.860293491570033098e+00
-1.144808748557863964e-01
-2.177411853390054830e+00
-9.817423167747051593e+00
3.637805865873687594e+00
2.922675609271038866e+00
2.859504160769574810e+00
2.850482546084322166e+00
-2.569782428535162921e+00
3.362554429863237715e+00
1.165241430389798438e+00
-5.235064803907519604e+00
-2.017584570529777466e+00
1.020113316183199004e+00
1.884201672434898001e+00
1.091385752559418165e+00
-1.304812893110010918e+00
1.097594543507298681e+00
-1.532445435945248846e+00
5.766633082233028063e-01
1.076357563815406593e-01
-9.101086475518329166e+00
3.553707822575688624e+00
4.505173996292981542e+00
1.610271261748778215e+00
1.405172752671319358e+00
-1.824203100613587480e+00
4.534086531301596779e+00
-3.508854045616772055e+00
1.640732516167602739e+00
-3.675389114046140548e+00
1.710699631423906908e+00
-1.633385398790892395e+00
-5.836918353913489454e+00
1.723629882169291250e+00
2.768262079729481684e+00
4.033091614483907961e-02
1.028008525000430495e+00
3.261279440089879245e-01
-5.338683463402290386e+00
-5.604165417148649908e+00
6.096767402972886885e+00
4.009603690554968125e+00
3.736046191164632546e-01
1.609520878330812366e-01
-8.800355767490401604e+00
4.977027875111403432e+00
4.494675778821189738e+00
1.305478626836958256e+00
1.575873528416906311e+00
-3.332155178714984345e+00
-6.466596105654787152e-02
2.098123170473513710e-01
-3.574712372257522475e-01
1.252184120570106529e+00
-5.601183966190035335e-01
-5.664698106124745891e-01
-2.049467760330571764e+00
5.308579709507057487e-01
-6.891414162076614502e-02
-8.418378103192623030e-01
1.530708892861525783e+00
7.889982812288707237e-01
3.039132145971137788e+00
-1.465688005701025531e+00
2.381152331755771456e-01
2.341618489675980186e+00
-2.339740962557499415e+00
-1.765469077500384287e+00
-4.111703628370122487e-01
-5.683840891360603109e-01
-1.811507464630395248e+00
1.299660440618595203e+00
5.297325617176511514e-01
7.659435792539142085e-01
