-7.340866575202387168e-03
-8.124873422048484173e-04
-1.068870356242035413e-02
2.012347519432911014e-03
-4.242596824403466194e-02
-2.633484166734856302e-02
-9.190323920482912357e-03
-1.254454851742581312e-03
-2.372623204931523233e-02
-4.860898475067099156e-03
-9.565406540814613834e-04
1.590739818918440740e-02
-1.150566221837090453e-02
-1.106579102685456562e-02
-2.133341489238604893e-03
-7.882359244538950094e-03
-8.434865587983786384e-03
-2.361863757686544218e-03
-1.859568638737929547e-03
-8.232044927793280564e-03
-3.790015406246194374e-02
-3.277831064604241895e-02
-4.063842636780234940e-02
-5.955063985487285549e-03
-2.569494042212694396e-02
-5.546280748672582916e-03
2.646930983265516346e-03
1.615638498398253020e-02
-8.043969624501534632e-02
-5.302643197042344880e-02
1.761200949370289592e-02
2.123152388153148884e-02
-6.121360431196931629e-03
-1.276907010194783254e-03
3.995982176776546879e-04
-1.332574860597013355e-03
-3.816138153260895116e-02
-9.019098352311294420e-03
9.305262247436552059e-04
-2.251415120978483841e-03
-1.344399716462274519e-02
-6.113819838600820233e-03
-8.975054015561090281e-03
6.064083627467908855e-03
-8.325075034119455708e-02
-5.316743350882990882e-02
1.393971106186153719e-02
6.509125971106977104e-03
-5.875441631766742390e-02
-2.517686433145338576e-02
1.021561762641320925e-02
1.025128034571531899e-02
-2.520902220437681862e-02
3.252117724727776604e-03
1.810915042226945992e-02
5.636964886727913182e-02
-2.869843637359914545e-02
-5.927612207913046660e-03
7.445765447111174495e-03
1.584491386440434191e-02
-8.326481758177850523e-02
-4.965796768562413810e-02
1.592648017503051072e-02
7.632557445151455511e-03
-7.261705547979047104e-02
-1.631869005838315623e-02
-9.346683542271527756e-03
3.012954650998511674e-02
-8.952333637815446110e-02
4.384790683094053065e-04
1.228794101895469559e-02
3.980781305823755112e-02
-2.691667200608316435e-02
-1.823410947049985964e-02
-4.303787880183040926e-03
1.926561041984609091e-02
-5.732847385230477322e-02
-4.365774594198179592e-02
-9.478123335569410557e-03
4.141147932402056142e-03
-8.614730065605158416e-02
-8.416894212155412447e-04
2.648438343832859587e-02
2.944270929460968134e-02
-8.452578792997522683e-02
-5.168338794961391258e-02
1.836297674654940870e-02
8.086011857959074511e-02
-5.912079898435274039e-02
-1.821897964894492183e-02
9.326903424641930229e-03
9.795788246517611597e-03
-4.346282461141215414e-02
-4.229394492223925717e-02
-2.248019204763007650e-02
-1.290956923085162522e-02
-1.270155604412637196e-02
-5.779161715012470779e-03
3.229859050007721777e-03
-4.987042173268729783e-03
-8.230553299161802450e-02
-5.179669493158556293e-02
2.038186707903588690e-02
2.344467894898727423e-02
-2.504307815244466440e-02
-2.051275989721368376e-02
-4.226855056573164404e-03
1.649369634714559218e-02
-3.804469403342802813e-02
-1.046777001052356937e-02
3.855906066932313081e-03
-3.614425867158210792e-03
-8.781737312158699460e-02
3.189231586447238698e-03
7.004389346155770468e-03
3.948630691183407926e-02
-8.704680411483423086e-02
-5.615195500341729762e-02
5.124476742782935190e-03
2.187588559762132512e-02
-7.359404735875152426e-03
-3.351079354599661997e-03
-5.096529075121480901e-05
2.201405443831516706e-03
-4.525145652225304183e-02
-1.853977678395146711e-02
-1.276407653890254679e-03
1.234363655979509034e-02
-1.405183962696998634e-02
-1.408855322458335557e-02
-1.593152936304020884e-03
7.384924870810660735e-03
-1.845261195653935538e-02
-3.153463333029682403e-03
-1.378235862846244331e-03
4.683649825745206385e-03
