-8.335925273993325391e-01
7.000999461962749137e-01
1.299083098880942089e-01
1.169152116062250002e+00
-2.338171843806549077e-01
-9.862479643631161252e-01
-1.196039860739858796e+00
2.342869446722204430e-01
2.652515939502109177e-03
-3.500495754490344780e-01
7.306678720974417729e-01
5.195362047338676348e-01
1.553530840912827671e+00
5.915483803390344519e-01
-7.340816538702199523e-02
-1.888122423340035994e+00
1.781037922491464087e-01
-2.863108981594706393e-01
1.574077238877094942e+00
9.063388912718011170e-01
-7.086970643609618037e-01
9.629218379417778806e-01
-8.311060135406620475e-01
-2.185383124740653216e+00
8.928673851197572731e-01
-5.200268349954910718e-01
-5.032727601884658952e-01
9.700762655399444157e-01
-7.745290531374990906e-01
-1.465389224908477672e-01
-4.440685331506060152e+00
2.246631650800210878e+00
2.205958711639524950e+00
-7.793626705907001906e-01
1.450518700139298289e-01
5.791373042775944668e-01
1.660450455350385823e+00
9.561609851278944916e-01
-1.634054556624562338e-01
-2.227060227812572180e+00
-9.400120231092046197e-02
-4.126815710738185317e-02
-7.305862541867284676e+00
3.420893495738312140e+00
3.819727037634024214e+00
7.964945247336601142e-01
8.715311575499384844e-01
-1.509464456532043641e+00
-6.878647216660738195e-02
4.412515404914927331e-01
-5.035951277773449419e-01
6.319521378736965289e-01
-7.813719589202605675e-02
-4.819332638440556593e-01
-5.996186526543084483e+00
1.757991614201529273e+00
2.615109323905500105e+00
2.729383897315216245e-01
1.118170472887868527e+00
2.851935572609534120e-01
4.449787639838547193e-01
1.185805601310818247e+00
-1.051801703005978084e+00
4.507818523166378100e-01
-8.607167606359666934e-01
-1.271237428822047377e-01
-6.184907346201782730e+00
3.497185056211336018e+00
1.928021985946941186e+00
1.299984884148329911e+00
7.176072124380397099e-01
-1.211578541638630213e+00
-5.930947662303623247e+00
1.328054224671006978e+00
3.051678633565629184e+00
1.610134198137231465e+00
6.009279528494317901e-01
-8.707440904941705639e-01
-3.346288924851108959e+00
4.107616021710683185e+00
-2.189959035786159802e-01
2.842386072091187543e+00
-1.672512492612227675e+00
-2.041849550573573424e+00
3.490883451314815034e+00
1.997969818574674150e+00
-1.958793121790137093e+00
-5.402068850106900300e-02
-2.908129356329382631e+00
-5.886561352366754818e-01
-6.999041689665247645e+00
3.487221895436775299e+00
3.955220703840225838e+00
-5.750460287313359231e-01
1.459956984127501300e+00
-1.353970700214645717e+00
6.634991355711861161e+00
-8.886179542254296848e+00
3.108566451180109880e+00
-1.923168274126197730e+00
4.502082160835811919e-01
-7.451138286464100702e-01
-3.475495347446397432e+00
-4.034618344435003223e+00
4.609390746220469737e+00
2.753978707982625451e+00
1.192792075251958295e-01
-1.245009971647306202e-01
4.462146361856454746e+00
-3.386704062756095368e+00
1.692502874105727528e+00
-3.524280268627009605e+00
1.802972065230889598e+00
-2.002387759781200316e+00
1.002295118973123067e+00
-5.896397748379754944e+00
3.171751899476078052e+00
8.130626353282650598e-01
3.837118230052283252e-03
8.970874182566603849e-01
-1.637909987249500432e+00
-6.185132393166867359e+00
6.394710196051988760e+00
1.840152008870532541e+00
1.903699647110812521e-01
-7.629868212475230393e-01
-6.102673701694001807e+00
3.951802971165633949e+00
2.797718825674877507e+00
1.363059700002651198e+00
-1.663002455102002841e-01
-1.831784971432739439e+00
2.248783704531263083e+00
2.955730144487844768e+00
-6.085806248667992691e+00
-1.622716413375570710e+00
1.152095360595652096e+00
1.177124717559848932e+00
2.698975288380822235e+00
1.757161421451996830e+00
-5.255695436621891758e+00
-1.315009967714459549e+00
7.032681400919784664e-01
1.528159870403541731e+00
7.821982360801627010e-01
9.836980768906187222e-01
-8.962061079762548843e-01
4.678887165145226845e-01
-1.158151258626887170e+00
-1.492724845975885728e-01
-7.031292165233864466e+00
3.092613960500372627e+00
3.564290855227184807e+00
9.037135130540008277e-01
9.478028000677483078e-01
-1.374110406501003467e+00
4.522867540225135485e+00
-3.596944936550187322e+00
1.957188614815763117e+00
-3.594607326154971361e+00
1.653694675247933787e+00
-1.931596850797447473e+00
-5.759221555803193837e+00
1.845940894956243028e+00
2.571580938276412098e+00
2.334257245912283452e-01
9.335075244502490932e-01
2.252090015586531990e-01
-3.546740643187689557e+00
-3.857192390751336575e+00
4.435318715987904170e+00
2.840539167109241703e+00
1.387650889208202898e-01
-1.621018168990531194e-01
-6.490724546887776114e+00
3.721079949225241990e+00
3.881571963751511589e+00
8.957635110965611602e-01
1.021200935624250405e+00
-2.886103359553956693e+00
2.829453737264344682e-01
1.150378297814000916e-01
-4.513989130119711035e-01
1.049383267307646861e+00
-5.896556223982969414e-01
-4.965654584178196274e-01
-1.478910960342091130e+00
-4.926303693446243415e-02
-3.647700110623190994e-01
-1.624346778238106026e-01
1.201969920630943989e+00
7.336902376458027675e-01
2.792341420664811835e+00
-1.070950265443784133e+00
-6.047089798613569656e-03
2.084223909032701272e+00
-2.262834905564176324e+00
-1.498134214156081612e+00
-4.271940363823176767e-01
1.249055715660219334e+00
5.570088865645885789e-01
-4.843651286379042631e-01
-1.876064594696032373e+00
7.860246463646660686e-01
