-6.015442013661553844e-03
-5.898769383790858356e-03
-2.784962196596740824e-03
-8.699721981658692371e-03
-3.183764146915546434e-02
-1.767583020069163346e-02
-6.220634740762509551e-03
-1.420447625720466789e-03
-2.245747339586046110e-02
-2.381270654587153146e-03
1.981997033783988726e-03
1.455040722922751328e-02
-8.345845416082520174e-03
-7.825907687161182125e-03
8.972473763397825763e-04
-8.040213182683997317e-03
-9.178888471341073441e-03
-4.419243785286575132e-03
-3.078274494364929836e-03
-6.985803080131303133e-03
-3.410773080089279929e-02
-2.797402714569252602e-02
-3.146392861366620330e-02
-2.698872972702881512e-03
-2.454078854933561260e-02
-3.354979709418781653e-03
4.738320965965270304e-03
1.511427741905602140e-02
-7.457792609813074236e-02
-3.773547272526278640e-02
1.656640193987102272e-02
1.394895164734966109e-02
-6.635685806597235725e-03
-4.757823941711647464e-03
-4.295833749381916533e-03
8.219967642457692847e-04
-3.819931372962948046e-02
-1.035270007211663845e-02
1.096440215202498791e-04
-4.465212003696983345e-03
-8.584995036906573063e-03
-1.080202884104375372e-03
-1.153196083688157181e-02
7.737247584763462527e-03
-7.490064476951752148e-02
-3.968290478337910265e-02
1.211181612798428731e-02
7.271260103571819400e-04
-5.722165284679436859e-02
-8.874662648804099163e-03
7.310633149482326232e-03
9.294020714341488798e-03
-2.902476407223097965e-02
-1.241190334743125234e-03
1.223918201624707436e-02
3.242513738280217162e-02
-2.682072926514567079e-02
-3.527201019995596099e-03
6.912350055034099938e-03
1.705510816678112995e-02
-7.755394633115497705e-02
-3.414000367059788488e-02
7.922798558173127503e-04
1.322816280903316155e-02
-7.144731992488861927e-02
-1.674753649077587170e-02
5.265608395405241282e-03
2.984328653910472973e-02
-8.016940435521657804e-02
1.072505018570035773e-03
1.159977238402309929e-02
3.585822587578268994e-02
-2.615009917068400469e-02
-2.440119382058481001e-02
-1.914795010724335000e-03
1.687847556938537608e-02
-4.981862946544168835e-02
-3.322927019408039584e-02
-9.389132177364256648e-03
3.428682142690764323e-03
-7.707493235382112395e-02
9.193954838115914185e-05
2.492330173055101739e-02
2.657890890357306191e-02
-7.690239952716981797e-02
-3.750787120841159172e-02
1.615579705081060524e-02
7.634063720355266369e-02
-5.731308236428289682e-02
6.873476597672567578e-03
7.811325189750029097e-03
-4.351860558398090717e-04
-4.062034414815496319e-02
-3.245765404692946277e-02
-1.389497839030862103e-02
-1.155975059841773955e-02
-7.530165719310977224e-03
-1.376188019884594382e-03
-8.065373413341125897e-03
5.795870068653563578e-03
-7.589164335863829436e-02
-3.689068928098726552e-02
1.767738481447045373e-02
1.633703534656660850e-02
-2.725204987557772185e-02
-2.237612325810900415e-02
-1.479542241620723786e-03
1.634164488557776629e-02
-3.788394235551817424e-02
-1.066785099974310036e-02
2.344825855789212099e-03
-5.660641060927673607e-03
-7.825619250343507360e-02
3.444085310984057458e-03
7.766616607848053633e-03
3.540787187891281107e-02
-8.016720826796452926e-02
-4.141316048070553535e-02
-7.980672389775733677e-04
2.068830670543175820e-02
-8.957963270987523430e-03
-6.108697658182782320e-03
-1.531304141545231090e-03
3.129854484304361861e-03
-3.529922316248623737e-02
-8.904760560436431049e-03
2.832423396245786762e-03
1.098627680483277302e-02
-8.960789389738765820e-03
-1.515462325568539548e-02
1.342553155985193314e-04
1.094510159794959137e-02
-4.519705325946699048e-03
-1.668746062494808058e-02
-3.496845466325115837e-03
3.586412810726580247e-03
