-4.971946314317365889e-02
-5.635492368193673052e-02
3.202735243985843638e-02
3.948040104923933313e-02
-1.519765354351889641e-01
-1.511893863787949766e-01
-1.182385267602241719e-01
8.181378507132741618e-04
-1.063214373425980241e-01
-3.404735725051932782e-02
-1.481482675988710085e-02
1.617169391984418780e-03
-1.457923658842730230e-01
-5.614351108563186976e-02
-2.636977544392160588e-02
-3.700388762912787399e-04
-1.753559677091083291e-01
-5.935331768186746793e-02
-4.575868528684456926e-02
9.804752032108954296e-03
-1.499740089869263659e-01
-7.074669563153990204e-02
-6.124757785117074249e-02
6.423405226016987157e-02
-9.916072286618571319e-02
-9.559787055966117997e-02
-9.790386929916583547e-02
9.639304353408650883e-02
-1.286517615212579013e-01
-7.324319879565943658e-02
-4.368687485638567125e-04
2.639754502048896612e-02
-1.254870139279700147e-01
-7.635823035116118263e-02
-2.306239233226303753e-02
-9.760100268604965379e-03
-1.333667618857334869e-01
-5.047378701524074529e-02
-2.184079031110330860e-02
-4.920978083184479601e-03
-9.200616406049699769e-02
-4.637838506160485430e-02
-1.710725632282006359e-02
1.274745479816319360e-03
-1.298827331182210720e-01
-8.790021880090193029e-02
-3.620021606313694740e-02
7.767731824396184592e-02
-1.654082505096861055e-01
-1.052605550173293381e-01
-9.485315060590382430e-02
8.142680507096855536e-02
-8.401447606815026781e-02
-7.092299017275860429e-02
-5.014236868429167160e-02
4.633532262707795724e-03
-5.688928068935239502e-02
-4.012600715791014849e-03
-3.325609920999506031e-03
2.175274587081732491e-02
-9.886542872740267107e-02
-9.273319575938154813e-02
-5.534815469632592411e-02
7.378023008663969762e-02
-1.528915557448731199e-01
-1.080610962145602816e-01
-6.707255612733886707e-02
2.289935245240126704e-03
-1.030911197568200599e-01
-9.458869976455130946e-02
-4.888271018141332469e-02
-1.567505719445883017e-02
-1.085239341664867574e-02
-6.390893501462935333e-03
-1.093454056719833645e-02
3.842267461508042103e-02
-2.028419247776984680e-01
-1.468972548869373895e-02
-1.081577986053083862e-02
-4.470493794732188775e-03
-1.587321921442748085e-01
-8.403646747279269746e-02
-6.114270968450608024e-02
-2.942023687876504923e-02
-1.363203795889098568e-01
-1.152453699147693023e-01
-7.281767850131193320e-02
-2.830164837228221764e-02
-1.233320876210000083e-01
-7.523995493511437260e-02
-4.731773286069840267e-02
-9.841344303009869066e-03
-3.901708322649999339e-02
-3.545601416529908789e-02
-2.131525857151617132e-02
3.945937694740919710e-02
-1.261807936171894795e-01
-1.112119296754319198e-01
-7.250788115600648176e-02
-8.933622052667011815e-03
-1.200857805281176915e-01
-9.758576870912372137e-02
-2.225408202723055950e-02
1.023236534812621557e-03
-1.428309414125765731e-01
-6.338146064829008886e-02
-3.564157845252879930e-02
-1.195856771839154398e-02
-1.830448291309658693e-01
-1.042866733140237478e-01
-3.754920125847260870e-02
3.886610294060988124e-02
