-7.071354440429928445e+00
5.731824847573932402e+00
7.646820286290960667e+00
-4.408029169686088267e+00
-1.297283479911028792e+01
5.560114754606416909e+00
-9.911404715963939793e+00
-5.205363639002428044e+00
1.386588831960432344e+01
-5.853155479371594083e+00
1.129945001349435074e+01
-5.889736832033236169e+00
-8.594243779468371258e+00
6.981684754592151876e+00
3.989838327096663306e+00
1.368128821036620479e+00
-2.577685167560019863e+00
-2.157731063142563244e+00
5.972591388171224480e+00
-1.360633371633910826e+01
1.002296605881943492e+01
6.464847967120761041e+00
-1.343200100886637927e+01
6.214251301936741356e+00
-4.154698262742201109e+00
5.183448958210476576e+00
-1.126029007485155375e+01
2.638936468547129266e+00
5.988009582574051137e+00
3.929689080799931844e-01
-1.096558619475358398e+01
1.049282944083807934e+01
-4.363463774212590351e+00
-3.279694374608666863e+00
6.839369339485742216e+00
1.083497779549858819e+00
-4.659081373959651273e+00
1.430532673900401619e+00
9.196341441172819486e-01
-8.456542981421563354e+00
4.528481340219400408e+00
5.498431776546865990e+00
-2.320917704831757078e+00
2.609120598562313376e+00
2.363502843224395633e+00
-1.653948734569084422e+00
3.024572484629374003e+00
-4.162757216917498226e+00
-4.614562073314232293e-02
-8.542923141051232960e-01
-5.549120846900635229e+00
-6.032042596996518569e-01
4.303838512876197342e+00
2.216359021850180966e+00
1.010701763865425562e+01
-2.277996346349368650e+00
-1.884602063219887214e+00
-6.219320090973496917e+00
-4.310567670218148351e-01
7.671226412054608090e-01
-2.891517582088198424e+00
-2.906967009505265764e+00
2.303843883738096565e+00
2.362299661523934446e+00
-1.051122716000463697e+00
1.945218655999553903e+00
-3.760432177426338285e-01
-4.301110394928215896e+00
5.022689057146280334e+00
2.938631712940406260e+00
-2.604193535164625928e+00
-5.238378902245557356e-01
-9.285720628766824802e+00
-3.989121764641623713e+00
4.775953243250782521e+00
6.322760711009777879e+00
-1.230377815212946757e+00
3.251234859157491996e+00
-1.023920736573418822e+01
7.942523273641981518e+00
4.883816866767460851e+00
3.050665542822457610e+00
1.224343092218177276e+00
-6.847038808287237543e+00
4.036958839178851122e+00
-4.061392736707148288e+00
-2.158414716850643345e+00
-1.686016572173997474e+00
3.096143968319950091e+00
4.468906381158888053e-01
-3.280435166088906840e+00
1.198477648702166221e+00
-2.063147860556114210e+00
-4.528072730398918111e+00
5.956829105278586667e+00
2.516851060369688753e+00
-9.213078238291558364e+00
-7.468574704336290893e+00
1.005458732066831828e+01
5.563158054136707165e+00
8.490723843915262137e+00
-7.407027565891183940e+00
-8.853422597213437939e+00
3.885173030880977763e+00
9.490730090283150844e+00
2.331044371566221685e+00
3.714608556124844085e+00
-9.871932002983271559e+00
1.175616034076554683e+00
-5.328501133082426122e+00
6.387532350670440451e+00
-2.107145116158363862e+00
2.274900320417742705e+00
-3.779289894775331504e+00
-1.650102354338585542e+00
3.754042423743030099e+00
-7.906542465242111462e+00
-2.433750566197403487e+00
2.156989250869798980e+00
5.635772386325712091e+00
-9.566205292193075138e-01
8.284188376643442098e-02
-7.032075844891892302e+00
-5.692837098812091767e+00
1.003926286907393717e+01
3.319630289550133284e+00
-5.170290003530141121e+00
-7.870064420866668797e+00
7.214013296501818218e+00
1.174813326166368199e+01
-7.412240221896922776e+00
2.362343638716140504e+00
-4.444398560263991271e+00
-1.779126798599691028e+00
2.251627689384349651e+00
4.782343835257307774e+00
2.339753826746303389e+00
-3.304250612856733937e+00
2.208160134240770844e+00
2.286038538493073702e-02
7.218761630953594022e-01
-7.500098145999118060e+00
4.122846195341494990e+00
3.587178722113719687e-01
-7.176858668189382229e+00
-5.504839127663188947e+00
8.317625731374334919e+00
1.453353842436783339e+01
3.550491386877567379e+00
-1.308465080421865423e+01
-2.585992868437969605e+00
2.632957995663758766e+00
-2.386327622523310765e+00
2.632949442368641257e+00
2.768438254949458610e+00
-3.195308812104073581e+00
-5.209790691685313391e+00
-9.933125156964919711e+00
1.449645978344501884e+01
2.504347117952661961e+00
-3.892913244812589824e+00
1.883800779530659497e+00
-5.652648258916755708e+00
4.302072595559934598e+00
-4.402800091376050773e+00
-1.956807004684961271e+00
4.859340718529139735e+00
2.935899172611357244e+00
