-4.462115159404945075e+00
3.946934707813284149e+00
4.425685260994569603e+00
-3.744184003346575196e+00
-7.462144072977082487e+00
4.823343215028899067e+00
-1.098290881078554548e+00
-1.595880788750761781e+00
5.574868196587758007e+00
-5.091360649996531151e+00
3.695646313007472372e+00
-1.784288905393793812e+00
4.818871271715210014e+00
4.191731912005394634e+00
-5.893548740037829248e+00
-1.355548368022866157e+00
-1.354656324602814266e-01
-2.436118535595880985e+00
-1.033037379790818022e+01
6.526220298574045842e+00
8.210808716952755049e+00
3.281444399546373347e+00
4.089701984396597823e+00
-1.088040977388355657e+01
-1.900467033997514932e+00
1.094146350918450139e+00
-5.694546719471560436e+00
2.219342594512426103e+00
2.566624074569801905e+00
1.071795278419330089e+00
4.522250635522865991e+00
-5.464461352290399532e+00
1.834291509309338153e+00
-3.887188327667416843e-01
-1.683106289638672592e+00
1.215171543889027816e+00
-4.358641520530284197e-01
-3.422499410572825695e+00
3.077582365167884859e+00
-7.266670422832959275e+00
3.693831374549361612e+00
3.671350381009588659e+00
-4.798566264895313793e+00
3.678334546213278600e+00
2.921834452842759333e+00
1.840372327265669128e-01
1.626058846840578553e+00
-3.497092329189626980e+00
-2.284128769011459781e-01
-1.346530984076281356e+00
-3.401753739031377677e+00
7.001159470613060876e-01
2.441966450038421499e+00
1.430825936111247643e+00
7.507124872643544222e+00
-5.612589500637028550e-01
-2.149868812869542012e+00
-3.360023431397152649e+00
1.388018744709000885e-01
-1.637110142874107055e+00
-1.942907800825864228e+00
2.110990654707279646e+00
-1.890538637610887918e-01
-2.226319996768708620e+00
-2.396754778419563081e-02
1.958724128318891644e+00
-3.943057433478998064e-01
-3.598274189734098627e+00
4.606510974059901287e+00
1.371468956920949722e+00
-1.589802923755570419e+00
-3.319346397384492775e-01
-2.085595062561651503e-01
-1.075840879598256095e+01
4.102073243157676075e+00
3.308928688139644692e+00
1.243705801945509393e+00
2.196635565854393235e+00
-7.707924825633682531e+00
6.005035314196931040e+00
3.548310063836723316e+00
1.034874285270106498e+00
-6.198155049792433147e-01
-2.782942074284548539e+00
1.344386893982445486e+00
-2.832791261294502760e+00
-1.953323493022793400e+00
-4.685083067858073491e-01
2.929714643080714609e+00
6.656258405081985075e-01
-2.600816673271054924e+00
-4.145670361584862462e+00
5.426453471089445202e+00
5.790173201342554421e-01
-7.613325884180994763e-01
1.330051354912825445e+00
-3.763075158875693660e+00
-5.740733145147800087e+00
4.611831731792548794e+00
1.643906191472183309e+00
5.167127775682914148e+00
-2.046262075382912826e+00
-6.309710475104523653e+00
6.325260574034743399e+00
5.265079394687049330e+00
3.129404005445280745e+00
1.882833924975088280e+00
-9.902418309631514148e+00
-3.979421011669145969e+00
9.566376529816835728e-01
4.506030861401626453e+00
-1.200724068405122580e+00
-3.256754617235401383e+00
2.106814142653547606e+00
-6.404365433064143076e+00
3.322115505011637993e+00
-1.008577464912448818e+00
3.554098727497247978e+00
2.142885928529096873e+00
-1.848067342997026685e+00
1.933500336782003615e-01
-5.157245058813202832e+00
8.030639485136674693e-01
6.684223989879882311e+00
-4.450889591760414987e+00
1.901596980407319393e+00
-4.525732640716384481e+00
-4.917036922069712546e+00
4.643148213924121137e+00
5.759259493688801967e+00
-1.113765432717485737e+00
2.923038661371606395e-01
-3.143173866935640604e+00
-1.928040072600950339e+00
-8.866069921305097523e-02
3.593120484499848999e+00
2.765602937028603492e+00
-1.593608058445283859e+00
1.194561218504176736e+00
-1.123734335789066563e+00
2.936019575559512873e+00
-4.914864215112814350e+00
2.137713070264169346e+00
-3.453679511598437557e-01
-4.146369548308456388e+00
-3.636357879434569895e+00
4.596720237313007829e+00
8.923386853640764116e+00
4.299248475518425039e+00
-1.018448833587862623e+01
-1.871362260574372272e+00
2.743983064329981403e+00
2.065270442223408054e+00
6.945780794865328289e-01
-1.724805851176228089e+00
-2.113175129838168687e+00
-4.778927745571962760e+00
8.369076454714615920e+00
-3.687228294952049623e+00
8.319808408574544956e-01
5.757675579640419983e-01
-1.486651254691011559e+00
-3.790822954708900738e+00
4.126841348365417161e+00
-4.386816840443273691e+00
-1.164680571364371531e+00
3.759416843006803788e+00
1.637031183752625907e+00
