-3.786388848932897844e-02
-2.841837360997168105e-02
1.402980391037589314e-02
2.505565919473418113e-02
-1.418944326369788733e-01
-1.286360454984254442e-01
-4.456902630787151764e-02
6.545868121494158309e-02
-8.517352726666649332e-02
-1.161294956740732687e-02
-1.014703080886047992e-02
-4.391016425297822323e-03
-9.442247749948240454e-02
-2.405622242837135438e-02
-1.699214074446508960e-02
-1.947913558567671011e-02
-7.998907264797794348e-02
-4.670548209569225229e-02
-2.474324438258945769e-02
-3.194804826174513224e-03
-1.334781946402796571e-01
-4.659727916920708424e-03
8.970556412297714388e-04
2.840397420374607407e-02
-7.010534686003433436e-02
-4.564929876460510627e-02
-3.440362967883436873e-02
2.754357362717629876e-02
-7.971131368125883299e-02
-5.872202228098499788e-02
-3.219945942656288196e-04
2.149792207713208114e-02
-7.780919357072479947e-02
-5.292621540224118348e-02
-2.203480789853728972e-02
1.215387958694025272e-03
-1.080044939296309625e-01
-1.823549642365951406e-02
1.156673415256426196e-02
2.186860689604719354e-02
-3.737156216170811618e-02
-4.591024896258577570e-02
-2.017267743691153470e-02
-4.117839606520901086e-03
-1.137132853287481371e-01
-4.943003564424652829e-02
1.559810708546494062e-02
3.561954831304259272e-02
-1.387428109704169632e-01
-9.036795870571556755e-02
-4.187116830253745370e-02
7.044158653552901050e-02
-7.682869600969199908e-02
-2.974972057870917119e-02
-1.220727809362731620e-02
3.099938418330627776e-02
-2.544268628165013979e-02
-1.198603000436726518e-02
1.056749344750462782e-02
3.731194943788418428e-02
-9.044509010143153560e-02
-4.738335307496743809e-02
-7.282165822033670466e-03
3.004787006370124303e-02
-1.240572778657931252e-01
-9.971052688678305742e-02
5.788326611972927083e-04
1.252307425076715219e-02
-8.958173697915206013e-02
-5.557282842541733103e-02
-2.326783159541645496e-02
9.365051478455788114e-03
-6.271207297273928560e-03
-1.020643155501366195e-02
6.869682925702669252e-03
2.184092081087229964e-02
-1.734540087117604212e-01
-1.542086410086351833e-03
2.248865778888742284e-02
3.248691852347684872e-02
-1.353640077431981226e-01
-7.878046688456996627e-02
-6.379331607553995198e-03
-6.526356323222959332e-03
-1.125868033498556020e-01
-5.813473734723051400e-02
-4.072855940592412516e-02
1.680742193460926792e-02
-8.924505426905371408e-02
-5.598006656768372835e-02
-2.570011314625575416e-02
3.027902635321932934e-04
-3.273282781627662175e-02
-1.789552948347417072e-02
3.228622988028795326e-02
2.464413830593059629e-02
-9.833351231408271609e-02
-8.150164383065372498e-02
-4.446965080854492491e-02
1.635376761234530463e-02
-7.128453193994799264e-02
-7.547532306475646102e-02
-1.751547644542128523e-02
2.582428070706033196e-02
-1.181104467649833900e-01
-1.805099866040094092e-02
6.353752537216150742e-03
1.383462014279279728e-02
-1.578713568881697782e-01
-8.430325198232191397e-02
-2.842234304597712757e-02
4.342134908978345642e-02
