-1.786479515219507874e-01
-5.973095555759022623e-02
-4.548760644192051394e-02
-3.219116853483772189e-02
-1.500899682566319004e-01
-9.287598954908915516e-02
-7.692827410237268460e-02
-1.440441367499323277e-03
-9.877412416081288171e-02
-7.035582147824426258e-02
-5.481032927737827798e-02
3.467524224540108335e-02
-1.271556788355288070e-01
-1.046141364393715634e-01
-6.003264773014094224e-02
-3.459710652157887978e-03
-1.052648444382975335e-02
-1.335410525240265933e-02
1.699471623882287119e-02
5.452013456047932749e-02
-1.382854274189688759e-01
-1.860247941328219135e-02
-5.035312358016019729e-03
4.301162143160297546e-02
-1.143460881855424827e-01
-9.582547881789027500e-02
-6.597541105593185407e-02
4.613124600254847607e-02
-6.708695329528002738e-02
-6.180329342805368498e-02
-4.264103685978115621e-02
4.724578181911320840e-02
-8.335449272842820889e-02
-6.433857209205640082e-02
-1.917816602872335352e-02
2.673232483171195106e-02
-1.637937701740044272e-01
-1.189843499006808525e-01
-3.437695899586423742e-02
-4.004800356088344948e-02
-5.875367233156447710e-02
8.414385012663450070e-03
1.382051673943829329e-02
3.754849609859389759e-02
-1.811014259160674822e-01
-9.172256671568534969e-02
-3.730411089126617341e-02
1.762347351914272942e-02
-1.244976975822971177e-01
-9.863334798062672881e-02
-8.772101996248404809e-02
-4.411200442113738518e-02
-1.130814176024401707e-01
-1.098678574919140782e-01
-3.660193265446931576e-02
-3.683895746518839331e-03
-1.684985336463569183e-01
-1.986701693698589288e-02
-1.814237408971752785e-02
5.447387015936167032e-02
-1.645538777956654375e-01
-1.394924614072137192e-01
-1.110823706833672375e-01
-8.051683830268441255e-03
-1.763299981203263478e-01
-5.295843626038188034e-02
-3.569906883830475941e-02
-3.099458995672810246e-02
-1.261755165386462263e-01
-7.137145903910813161e-02
-6.936529877680142064e-02
1.164521457718992181e-02
-8.536484372999275649e-02
9.474216072208330175e-03
2.224688494626958501e-02
7.690056201049788598e-02
-1.133635177705547559e-01
-1.026987897722124732e-01
-5.979769551084057611e-02
-3.284293749195499323e-02
-1.443388296192862352e-01
-7.786024055583817827e-02
-5.399575617645813175e-02
2.240731930589490162e-04
-1.234082793678319412e-01
-4.176791207801899830e-02
4.314662877992869738e-03
7.784458672370320187e-03
-1.643102315091935495e-01
-8.712532565284014652e-02
-2.606831575433621317e-02
1.741720193855367249e-02
