-1.586413917060120582e+01
-5.651363573567351750e-01
3.067886555373775082e+00
7.599612945452932422e+00
4.587200730919974490e+00
1.484240570798931458e-01
1.688898755756213177e+00
-6.213681020231092589e+00
2.091176839868865045e+00
-4.494982387212360209e+00
4.263547504936170185e+00
1.928185351700534511e+00
3.817445794740635279e+00
-1.280050244148952743e+00
-1.586591003670221767e+00
1.930259382058750361e+00
-5.177168076774236738e+00
2.329416859242954274e+00
1.694467505131029839e-01
1.199447332471815741e+01
-5.775099128969131357e+00
-5.415210539411219770e+00
6.195827732837358326e+00
-7.114943993080899531e+00
-2.512432641295390567e+00
6.737254719588889884e+00
-6.333700884238169238e-01
-3.712951753247239139e+00
-3.737971041126016303e+00
2.642945443351848667e+00
-5.042630510927892828e+00
6.855473749252311677e+00
-8.685879907446363291e+00
-1.782673649846074682e+00
4.629648332390459586e+00
3.500691002329233470e+00
1.250347911172710269e+00
-3.986171062556920219e+00
1.559460649087966999e+00
2.407702323742725525e+00
-1.892928584992688457e+00
6.598516189126115705e-01
-3.952787478351638129e-01
5.401618696219102844e+00
-7.312944538751153800e+00
2.344334034611634365e+00
-9.043007695957925307e-01
7.034322678181723631e-01
-1.136689445100894602e+01
8.465885317816415068e+00
2.037864955325474625e+00
4.530318248589381369e+00
1.446642083797499367e+00
-4.999347580045551354e+00
4.569953521360048398e-01
-1.641448617728826775e-01
-1.712587506842362473e+01
1.356167894709538757e+01
-1.063112680076540073e+01
8.616804036628209928e+00
-3.048315001357963183e+00
-1.685627199390893338e+00
6.243537861328036342e+00
3.683956735255549120e-01
2.537970020416409511e+00
-4.434796107144279631e+00
1.819877622175695819e+00
-3.060621582467788926e+00
-1.735912828436457289e+01
4.006516860483358755e+00
7.870698842494519454e+00
4.144647495770740875e+00
1.354269716816261848e+00
-2.986163098777453229e+00
-2.745048206724305828e+00
5.247611576356419505e+00
2.458784583987906558e+00
-4.013635118811762936e+00
1.531513596321460113e+00
-1.249950961231110114e+01
8.769615623192819953e+00
1.083693793010729678e+01
-4.811184013575228846e+00
-3.070442263378879488e+00
-6.255758921037823939e+00
-6.709099961717541305e+00
5.148110673781530977e+00
5.154772259935555212e+00
-1.005613078159086626e+00
2.986725071655115471e+00
2.992573653658382682e+00
-2.929582730196230500e+00
-6.770115307214908285e+00
5.338621825267566123e+00
5.972697011132410694e+00
-6.081176085880969140e+00
-1.509589178150527289e+01
-6.141771527144612719e-01
1.370305938176755944e+00
1.699429328402317196e+00
7.332457857873507123e+00
3.499009945353847684e+00
-1.060779294710769705e+00
-2.329150691490283975e+00
1.740605954741397454e+00
7.578190859602926821e-01
3.865714638025963268e+00
-3.205477133760496145e+00
-9.273372920803794273e+00
5.840137043954953810e+00
5.806061053264670591e-01
2.453472447805765455e+00
4.732634001541740076e+00
-4.171335584530140750e+00
-2.188247719916191159e+00
7.966583226033208120e+00
-1.226657138353063203e+01
-1.347543202698308562e+01
1.612900911089469957e+01
5.150409182906244610e+00
-5.446668961125240571e+00
-1.428049140045146714e-01
1.965958766644774869e+00
5.806650661259126878e+00
3.014061793797878863e+00
-5.228267730166180627e+00
-3.839317120308081144e+00
-1.020327443913066645e+01
8.835436733983584645e+00
1.122855579482958888e+00
-4.506154861804390066e-01
3.777647454217728296e+00
-4.038629782485784858e+00
-8.926038384316470342e+00
8.489354641618888309e+00
5.970250272538478953e+00
1.234230131898286231e+00
-2.407046692657289100e+00
