-8.502080029296820385e+00
3.505303971766323912e+00
3.416828495007848687e+00
1.346642001853737725e+00
6.554768729601789801e-01
-9.083144533637863560e-01
6.198011150673607972e+00
2.379052381832195806e+00
-4.242985224236008435e+00
4.903509025606979321e+00
-4.953024956048807326e+00
-6.922673769054881632e+00
-8.913922066321873672e+00
4.588435624520315059e+00
2.062031130961429426e+00
4.588517039639839368e+00
2.062146086980007453e+00
-3.952752791789365006e+00
-8.502230578734170763e+00
3.505278842786438531e+00
3.416831633954728886e+00
1.346729555882035356e+00
6.555573997306112233e-01
-9.083083637973601299e-01
6.197916059575021563e+00
2.378945876292249295e+00
-4.242811056363478883e+00
4.903580188829636199e+00
-4.953006708485887089e+00
-6.922682532764625307e+00
-1.719537595648759520e+00
-1.488183889782149549e+00
5.336728664885228568e+00
8.071646987288119135e-01
2.208000267083534141e+00
-5.126829017548615752e+00
3.555794967118899308e+00
-5.027680781930200737e+00
7.823256993666518611e-01
-5.027759634348029749e+00
7.821606744566622638e-01
4.503323099070186686e+00
-1.647965010707679312e-01
-2.024443067421515252e+00
2.309029169585301133e+00
-2.024531959041027562e+00
2.309075858280351667e+00
-8.294136300648631277e-01
-1.719587189739854693e+00
-1.488285590380016288e+00
5.336838035098352861e+00
8.072392190317714267e-01
2.207939306116031730e+00
-5.126799276750759304e+00
-4.922585659041502026e+00
2.359699032255647921e+00
2.516342264197916734e+00
1.333758884653320820e+00
6.301685576175373171e-01
-1.814820306317031395e+00
8.605694800144192413e-02
-5.635532623741852376e-01
7.346185042354562711e-01
-5.635694956119152721e-01
7.347225344799426239e-01
-5.268287292270485977e-01
-9.924658026216519602e-01
-9.925287837069731722e-01
-4.802894030557752103e+00
3.236772446011968896e+00
1.420361511138125366e+00
1.420310174404590953e+00
1.529085881942023661e+00
3.012233409444831977e+00
-6.996281016034217259e+00
2.167779941076091177e+00
-1.759260507120714578e+00
1.935848564734598654e+00
-4.922688069800159383e+00
2.359686577255587281e+00
2.516405972782351341e+00
1.333883129996138450e+00
6.302163820921009574e-01
-1.814933182028781289e+00
-7.917226735194304865e-01
1.395792526508088827e+00
3.783378379663844271e-01
-1.585700083772294988e+00
-1.196794207031800283e+00
1.545470984668284586e+00
-6.390327786337053340e-01
-1.345333609643375894e+00
8.734671685595571944e-01
7.117363719729752347e-01
-5.805637908717642404e-02
4.427633199358069760e-01
2.653807625000467851e+00
6.288845663714965895e-01
6.288070792364379713e-01
-2.077974260458901767e+00
-2.077922866119592982e+00
3.552651263113517643e-01
-6.865942648870657194e+00
-6.866113185980026401e+00
9.386283418110508592e+00
3.630160170644799678e+00
4.820789202352671055e-01
4.821333560044394062e-01
-7.917100635360583283e-01
1.395848801574700815e+00
3.781376494765851248e-01
-1.585629527523153115e+00
-1.196820570151487573e+00
1.545562606484082835e+00
-6.389235894061187082e-01
-1.345343787358018517e+00
8.732576771663644877e-01
7.117890650744413961e-01
-5.796882086234234066e-02
4.427324801578009783e-01
1.529199157837666689e+00
3.012303475877104120e+00
-6.996392481588401324e+00
2.167784219386547306e+00
-1.759391962316314562e+00
1.935893725079210981e+00
-4.987034678850548630e+00
-4.987038845409003329e+00
2.214154632254789590e+00
4.218766053492146284e+00
1.726492008487994667e+00
1.726498712572151817e+00
-8.223473332916569234e+00
3.558737515775931115e+00
3.220191110102319954e+00
1.256271412103487251e+00
4.986372735081943119e-01
-8.019288221484686119e-01
4.617717852912761600e-01
1.769472220599183743e+00
-2.540931861546582127e+00
1.655385426700220819e+00
-4.663885194738810469e-01
-1.209747039401634083e+00
-1.985844809375052478e+00
-2.976353028696678393e+00
6.254822085352799377e+00
4.386793379398170600e-01
2.344740785105813075e+00
-4.189623671002323135e+00
-5.853639770485472127e+00
4.611023659404935415e+00
2.584088570636382087e+00
1.138682197641884386e+00
7.687447640937250526e-02
-2.408267356912560331e+00
1.002322456141399698e+00
1.002210833166373050e+00
-7.132831245990871594e-01
5.196843382234135333e-01
-9.954528819148151797e-01
-9.955236595138643452e-01
-1.223053032267202411e+00
-1.223106350195791947e+00
5.252604536733116447e-01
1.598804409429860129e+00
1.077684877889453219e-01
1.078028139023814447e-01
-1.985895529289649630e+00
-2.976319775457298533e+00
6.254781800738427933e+00
4.387217263946610046e-01
2.344540904710015639e+00
-4.189390000819841475e+00
-5.853540778387682053e+00
4.610830344336719122e+00
2.584210210754918080e+00
1.138652443118488122e+00
7.683096472564443502e-02
-2.408228653036900369e+00
-8.223524528024640290e+00
3.558979484042779973e+00
3.220154127158309620e+00
1.256209429336323069e+00
4.986421127157427691e-01
-8.020318048027661462e-01
4.617693276065892860e-01
1.769474080787503567e+00
-2.541031235873717264e+00
1.655552706266846030e+00
-4.664486750968421802e-01
-1.209775797180526524e+00
