-4.719744776183709689e-02
-2.093856509927061182e-02
4.911158601750065245e-03
1.353359140984577991e-02
-1.205974767083395349e-02
-4.303834548657681225e-03
8.793133478445014362e-03
3.696114110193127189e-02
-8.161105234079490955e-02
-8.161093899101601323e-02
1.036566072801847760e-02
7.794142471806186911e-02
-4.719634232109104488e-02
-2.093886294279712068e-02
4.910464245551304785e-03
1.353375172564152962e-02
-1.205990215663899079e-02
-4.303308722906518113e-03
8.793278687376115954e-03
3.696007479652707595e-02
-8.700155787700669663e-02
-5.883165402857715165e-03
4.300627404006052146e-03
8.678644940657731510e-03
-5.467826567012257222e-02
-5.467788463693157297e-02
1.220992741663651238e-02
2.960584847252389906e-02
-4.048916992186990527e-02
-4.048878824321922032e-02
-2.300883513832752136e-02
8.174659930847649747e-03
-8.700195067338589716e-02
-5.883526158567242703e-03
4.299960777416567126e-03
8.679496257550267657e-03
-7.293804621641530872e-02
-4.264340968752677874e-02
1.596609336012333458e-02
4.371205831561253419e-03
-1.815567000015727572e-03
-1.815428278623354430e-03
-1.333614061949717211e-02
3.251184929775829957e-03
-5.034482146683161297e-02
-2.384540227396603207e-02
-2.384499552390439980e-02
-1.704002499807488746e-02
-1.898498298462691913e-02
-1.890219989003227852e-02
-2.204437028630357176e-02
-1.501585692653684134e-05
-7.293839816922553787e-02
-4.264377991789847222e-02
1.596665964418209072e-02
4.371214732390882318e-03
-1.339328917224191784e-02
-1.707034354822156708e-02
8.472274921073497111e-03
9.435613210704296705e-03
-2.082701732863534438e-02
-1.121531060186908846e-02
-2.140631081475286024e-02
4.021956679603810869e-03
-2.852244618795074516e-02
-5.158114400991786752e-03
7.423651651766505211e-03
7.423998540158960324e-03
-7.543659929775081707e-02
-4.027013249041488940e-02
-4.027008621758310092e-02
1.672686198826744963e-02
-1.339356662758262040e-02
-1.707008349186334151e-02
8.471870966854311291e-03
9.435826692409499117e-03
-2.082749067397848819e-02
-1.121555140936769668e-02
-2.140662954863570278e-02
4.022269585489679500e-03
-1.898540492103983901e-02
-1.890201986019990343e-02
-2.204442599863898344e-02
-1.459014214644227536e-05
-6.430917766100074928e-02
-5.789135176153714646e-02
-5.789121613154102342e-02
2.314074771163920907e-02
-4.496122405573688141e-02
-2.413086888000681718e-02
2.264043130400628101e-03
1.653969834880975043e-02
-3.778418551142070925e-02
-1.965507493626628133e-02
2.079909354479658745e-03
-3.967445918626744117e-03
-7.916736554130343606e-02
-2.454032317481269487e-02
2.201611528786839855e-03
1.119615354190406364e-02
-8.001725175246110489e-02
-3.751827009599795204e-02
-8.988536588939721739e-03
5.237515771420797606e-02
-4.029973751456861208e-03
-2.092163171034000513e-03
-2.091268092886622298e-03
1.479769470067848758e-02
-5.057242402629347211e-02
-1.814902839100773768e-02
-1.814889451965528977e-02
-1.602585577745663237e-02
-7.916739650368853631e-02
-2.454054376698655560e-02
2.200797529119169482e-03
1.119573279415342348e-02
-8.001666368762161419e-02
-3.751853071904087678e-02
-8.988433591550437640e-03
5.237510954140334185e-02
-4.496077255371999648e-02
-2.413078350055841703e-02
2.264220701307273487e-03
1.653969267272237254e-02
-3.778402990577500731e-02
-1.965546979366683544e-02
2.080374887136304807e-03
-3.967239840858338695e-03
