-1.207189966285793226e-01
-5.468810388023448432e-02
-5.223490890357718186e-02
-3.768996337438679234e-02
-1.382796974164823833e-01
-9.872577149214745162e-02
-4.573125089229956863e-02
-4.050128675196518202e-02
-1.756180809624394712e-01
-1.132428263357481146e-01
-7.243930276288002013e-02
-6.886927668814313286e-02
-8.368005460967053999e-02
-8.105742418534322979e-02
-7.162567318297141661e-02
3.849918712829580869e-03
-1.485870918932647999e-01
-4.694469823715730072e-02
-4.636302889334498190e-02
2.494207589760932819e-03
-1.743252507088155490e-01
-8.547740945466464346e-02
-7.687036817261483357e-02
2.349242739499945998e-02
-1.523467254549848438e-01
-1.278826874518201873e-01
-9.748548982665083962e-02
-1.447798241576059297e-02
-1.686976699548812242e-01
-1.229761116557848144e-01
1.113817779516601547e-02
2.097256815599735091e-02
-1.398668579312258853e-01
-1.232705162679132993e-01
-6.039065356641981630e-02
-7.550411489252617514e-03
-1.187264431357140104e-01
-1.181900483185118755e-01
-5.628037235186367226e-02
2.103125481787593287e-03
-1.145292958991936949e-01
-9.827437719722564857e-02
-9.063831518811160670e-02
3.312651368196162238e-02
-1.144718540797189377e-01
-8.752043186306512901e-02
-2.266089940467974628e-02
9.009423882246458959e-03
-1.284816874499652428e-01
-1.229994804832850175e-01
-1.269951534525670667e-02
2.219190466336495859e-02
-1.442274017049265389e-01
-3.818089065338781118e-02
-1.574207780824021796e-02
6.184995410027305240e-02
-1.534581636819107864e-01
-4.217634058036501266e-02
-3.515128730778194210e-02
-2.005201191450600717e-02
-1.432170895360524998e-01
-1.365050452145357696e-01
-1.175130024959287756e-01
-1.124799800326132804e-01
-1.725624418640097080e-01
-1.485006359635268058e-01
-4.127866003286984053e-02
6.996167601096736632e-02
-6.771632630030421929e-02
-3.786810716625899076e-02
-1.920826506385098220e-02
1.605909174007491558e-02
-1.466394212713122425e-01
-1.090039213336722046e-01
-9.924753128911256717e-02
-9.624871333502249549e-02
-1.763636903561869307e-01
-1.407810213480502615e-01
-3.253356745576496678e-02
3.785718824479200606e-02
-1.632950941098181286e-01
-1.248599437860959949e-01
-3.388546356777588642e-02
-1.472866883449186481e-02
-1.803189079696989605e-01
-1.325529617287204420e-01
-9.760268651029591069e-02
8.161554884466282189e-02
-1.456135954895176887e-01
-8.655548524053346959e-02
-3.531444344208556352e-02
-2.167514178735019392e-02
