-9.668718789957765125e+00
-1.075552280895084323e+01
-2.470943653184278332e+00
2.583834062440317325e+00
4.983570322222661275e+00
1.023032008884491972e+01
-5.471395079583061261e-01
-5.809372139339728847e+00
3.787326319862714286e+00
-3.244213662682255972e-01
1.011950902892792215e+00
1.663840731092491865e+00
1.588664102106601206e+01
-1.081258964645743958e+01
-1.373834631372474746e+00
1.797753006012399624e+00
-4.405476315374926344e+00
-1.408065623347553696e+00
-4.808828270244575265e+00
2.249780909558339204e+00
8.044550161573511105e+00
2.614751955214359214e+00
4.809632661812059951e+00
-1.320325704298647906e+01
-4.777332824837870362e+00
3.467763193752148254e+00
-7.603049317346091129e-01
-4.701423221096717953e+00
-1.766808411949682522e+00
7.934808955921880624e+00
-1.738427003651904101e+01
3.607208896401971288e+00
2.463642996134723262e+00
3.361183920693108007e+00
1.019487400582862335e+01
-3.132815640066795027e+00
3.890653039512798728e+00
-3.802285075278462045e-01
-2.461223414981162705e+00
-4.524861014977446416e+00
3.019797068689527464e+00
4.938265402554833372e-01
-5.456570421289399064e+00
4.900034151572896235e+00
-2.634998644365253995e+00
-4.095762108093637721e+00
5.243728742294138101e+00
1.831561876005139311e+00
-3.272350604486490511e+00
5.233587695059327416e-02
4.510752800405896323e+00
8.044013948518653478e-01
-3.562770171359801452e-01
-1.869493919082486855e+00
-2.006233776304696903e+00
1.164252341090045206e+01
-5.983523643835127359e+00
-4.488690222310523836e+00
3.376415920515881908e+00
-2.563332707311900549e+00
-6.561977734426591269e+00
1.348554216965681007e+00
-2.183234155705790158e+00
3.306223337887487901e+00
1.032153563409281105e+00
2.222021396097190404e+00
-1.091830761454485810e+01
3.755631348396221370e+00
2.146916188124535552e+00
5.543346673478424691e+00
-2.894079466329912975e-02
-4.150329036715874054e-01
-1.269077135917082444e+01
1.023405801810393712e+01
-9.789140320114597671e-01
8.630885877933678785e+00
5.812866253025234187e+00
-9.981200188881345525e+00
-1.068189732363771327e+01
5.685819990014891800e+00
2.866203784358560824e+00
8.393429538774668686e+00
4.360998225446351739e+00
-9.679676937354884103e+00
-6.184011755214157802e+00
-1.481089840157906679e+00
6.522556566490564478e+00
1.269992033992748759e+01
-2.218328784489017380e+00
-8.636320650838413826e+00
7.914251443730790925e+00
-2.817890167275947988e+00
-5.564814516116655341e+00
7.424542206712203551e-01
6.217801132506792783e-01
-1.741450374523822120e+00
3.949176028698659024e+00
-2.269492592433707046e+00
5.979848203081985503e-01
-1.023589116435884705e+01
1.654554650250148029e+00
5.779654806674216161e+00
-6.049961263218264662e+00
-5.288260274447495135e+00
-3.839787322550350268e+00
6.376115619194294482e+00
8.711781834429359606e-01
5.579273600976449643e+00
5.046595367230267470e+00
-6.699526510399394397e+00
9.164081916692055074e-01
-2.467542422728698170e+00
-3.001996244861459218e+00
6.650744084784747656e+00
1.190061305645100731e+01
-8.993165093802318211e+00
2.346332366696813665e+00
9.422810500190763605e-01
-1.066192268368243390e+01
5.385163995080958443e+00
1.935191910387942471e+00
2.517866989500546993e+00
-1.425450311949713011e+01
-5.267942477091480669e-01
-1.309492073272224388e+00
1.050519870409323175e+01
-1.949834548295243053e+00
-1.151197732956858033e+01
5.317053376346835591e+01
8.515435688463014685e+00
-2.247977925430865298e+01
-1.878633749570187206e+01
-8.907286866427696737e+00
1.433647880415659870e+01
1.475049474472911015e+00
-7.084579660901368925e-01
3.616919959384603089e+00
-9.151990925534917665e+00
