1.833200827373119068e+00
1.447857185522394730e+00
-2.574734198736791768e+00
4.258540085117630269e-01
-1.120463986330605621e+00
-3.014991969731823929e-01
2.025412578250751494e+00
-2.005331632930619890e+00
4.513623942534792377e-01
-9.903216380399584295e-01
1.547349243875089542e+00
-1.111546185255591013e+00
2.948406244565617840e+00
1.580669737475659531e+00
-1.562489863816153957e+00
1.717871522931503137e+00
-4.474690403798589955e+00
-3.155101818384480339e-01
2.507217384950791939e+00
-2.693963010151804838e+00
5.607082977517677591e+00
1.481654603034485262e+00
-2.329579337587034615e+00
-5.121299589763566473e+00
6.216796426141698362e+00
6.133216045698901553e-01
-2.652535149429809280e+00
2.094898205263632462e+00
-3.288304187352977692e+00
-4.255438181266569586e+00
3.703815114514611651e+00
-1.538934133459846976e+00
-2.505425353424726609e+00
-1.072082985729792881e+00
1.934592038236928602e-01
1.215459972505513520e+00
-8.286758585821729639e-01
1.567493638270804013e+00
-3.992352130314316128e-01
9.811658917411705261e-01
2.367389592224142802e+00
-3.738307137242884437e+00
1.629448454039120975e+00
-2.632824777275473593e+00
-9.241174688435904727e-01
3.746467089009669849e+00
-6.474023032194224925e-01
-1.382244143335967124e+00
2.999415499588565126e+00
2.274404836134991115e+00
-1.489488046280271760e+00
1.431114185796317884e+00
-4.388489671512189716e+00
-9.572384316739288579e-01
3.900935771260577667e+00
-2.567220013462872430e+00
-1.536743951577150824e+00
3.626787105550164370e+00
-2.788029584225512281e+00
-1.091874891586371632e+00
5.054509963884427748e+00
9.149152628626339379e+00
-8.017241362215699496e+00
3.120442068418199710e+00
-1.077927924497748791e+01
-3.210169825755613715e+00
-1.053357310894867283e+00
5.054521543637733316e+00
-1.429444520612861425e+00
7.420651642477480436e-01
5.965524729251114877e-02
-3.340951518781636764e+00
6.439160940943992273e+00
-2.499165206269111650e-01
-9.730224964765127993e+00
6.412476874825983941e+00
-1.802658013013754612e+00
-3.689448921617824340e+00
6.441117091669028127e+00
-3.005211891923934786e+00
-3.826612953705293307e+00
1.308547547422165280e-01
1.846007278404385943e+00
-2.268859696979831142e+00
-1.788014950998174868e+00
3.371077691019706890e+00
2.480639653468116990e+00
1.271756748234750489e+00
-1.205791990387893975e+00
-3.988121494546703616e+00
1.662811593908472219e+00
3.446268509208252340e+00
-5.588622082904052490e+00
-5.196357930889661247e-01
3.640423292508515374e+00
-2.683641463135657546e+00
1.211789470220310250e-01
-5.432622380499552150e+00
4.154141091537823627e+00
-1.516049621771827560e+00
3.805894097822815070e+00
-2.203519382707284535e+00
-1.637215972854178858e+00
-9.216236768728975903e-01
3.588189942396255105e+00
2.742546561379555214e-01
-7.064453755964876791e-01
-5.660115014893278840e-01
4.764432067954231798e+00
1.643921679036225214e+00
1.996053414489892930e+00
-6.802417123498543106e-01
-2.925415963396531538e+00
-5.721214281055154061e+00
3.031510605828586336e+00
-1.611558515642883549e-01
-3.384711505390981756e+00
2.928095412895942218e+00
-6.013853646426241539e-01
-2.473335990367189652e+00
2.998162592696473894e-01
-1.529243196102996194e+00
4.954334980764940610e-02
2.855872077614208138e+00
7.138305636105997110e-01
-2.511552669868109433e+00
-2.707319365521399845e+00
2.509659750046651538e+00
2.657320962011027632e+00
1.869155956314187961e+00
-2.090137956595413016e+00
-2.154690520159022071e+00
1.293519019145776383e+00
7.850344732999943176e+00
-5.884547270125040086e+00
-7.815747210112817811e-01
-1.026213995078208541e+00
-2.410856331676669129e+00
-1.836193261423971990e+00
5.070740371477171493e-01
3.736291473116892803e-01
4.995071449267442176e+00
-1.862301781797242484e+00
-2.267797866716648514e+00
-5.213815844142999367e-01
4.698402845538410588e+00
-3.265479614635282246e+00
2.889043489342526527e-01
-1.173263804795766418e+00
-1.508569329018740746e-01
-1.516323440910127829e-03
1.149457335238238898e+00
-2.217861782009904914e+00
1.130670532667323869e+00
2.428681317454916666e+00
-2.551214170502476009e+00
