-1.234549227276935390e-01
-2.556728042131495293e-02
-2.546996094792919330e-02
9.987417856697433649e-03
-7.290257735150129648e-02
-5.181291385698805207e-02
-3.473732012397934277e-02
1.001367207993153485e-03
-4.680237888820348857e-02
-3.145062941796683553e-02
-1.824416960840680169e-02
5.643450823610085543e-02
-6.966890926795654693e-02
-5.939817900959010188e-02
-1.385393388581590557e-02
1.927116740914769366e-02
-4.684964102617339421e-02
-3.450323701871238491e-02
1.399773407302951078e-02
2.138002325765286926e-02
-9.888160270430579324e-02
1.036361955717790551e-02
1.820151573716155546e-02
2.623518683081216274e-02
-9.947294806493411912e-02
-6.157978265366415016e-02
9.135657159785814940e-03
2.681106433507896014e-02
-5.394529553414462164e-02
-3.851217898369752035e-02
-3.805387153086536856e-02
2.200079072537253211e-02
-4.903566267579528848e-02
-2.824182535177932607e-02
-1.950095067902024581e-02
6.218555881201881519e-02
-2.715514146448372301e-02
-2.492118771204809846e-02
-1.925306739692422831e-02
2.484369612970582786e-02
-9.158140349757726284e-02
-9.049491119665309391e-02
-4.267297034051065197e-02
4.962143110626460185e-02
-7.287657955207982319e-02
2.004811106323334258e-02
3.238464788550454720e-02
3.784671963342955969e-02
-1.107630564130805961e-01
-9.081403738148119409e-02
-1.039885668302864552e-02
7.578303610586623051e-02
-5.653108107503967972e-02
-4.764934143528254396e-02
-4.463028984451500314e-02
-1.490478102056003173e-02
-1.161411957847011678e-01
2.132554966501509774e-02
4.656215911470673596e-02
5.974370547914187313e-02
-6.022775546498349009e-02
-5.647477629331176807e-02
-4.080481285431214467e-02
2.680884925065529778e-02
-1.153869474988833410e-02
-8.443903697964660893e-03
-1.390158169818511702e-02
1.151254866006024002e-02
-8.903936934808776016e-02
8.850168691347359839e-03
1.392285939753001855e-02
4.465270335975701776e-02
-9.248817694316180393e-02
-6.964699894055748075e-02
5.411558083268097619e-03
-6.802003857166560863e-03
-1.162752049607935767e-01
-3.425141211049620438e-02
1.931913976388255350e-03
2.274686609229403800e-02
-5.759368927024421936e-02
-3.550399565918938016e-02
-2.312807840935349191e-02
6.572232846909997761e-03
-9.624463369611846453e-02
1.736662136778455157e-02
2.279109519173339038e-02
7.271633232025243032e-02
-9.266930296603703709e-02
-5.200947068612382651e-02
-3.394018438112067493e-02
1.858467297079902103e-02
-7.307588849433899192e-02
-5.551076251728148669e-02
-2.312488129933898406e-02
-3.068191502586525843e-04
-9.435567133729927392e-02
-2.009626348953297281e-03
5.308867004595763106e-03
2.687823789342336234e-02
-6.855019752466606775e-02
-5.561361803852449270e-02
-3.583160803038110132e-03
1.386201701217393278e-02
