-3.069221153643209021e-02
-5.118187286999864583e-03
3.998905249786854910e-04
5.732471333689925785e-03
-4.329887202524052014e-02
-2.657463693736028532e-02
-2.613223316110580008e-02
7.422882039784584052e-03
-5.563572701843000345e-02
-3.823184513357902325e-02
-9.319205400439178888e-03
-1.330318986431699990e-02
-9.518970244413904602e-02
-5.468255675401256788e-02
7.264812326581271407e-03
2.567353762283142160e-02
-6.395913834105360074e-02
-2.139388250470508623e-02
1.418398257533270979e-02
1.522853087659625793e-02
-5.570675068189467893e-02
-6.601663364349152907e-02
-1.154603572826018443e-02
-1.529535447021057593e-03
-4.367814035226369462e-02
-2.135115977299273382e-02
-1.545688908626074998e-02
-4.332937511414725051e-03
-7.278558851257699303e-02
-6.436871887493600397e-02
-4.825541318930204326e-03
1.578756633574363022e-02
-4.426974449450238325e-02
-2.016419842914718430e-02
-1.665814698709633390e-02
6.541135936529940409e-03
-5.563790097571130744e-02
-2.622793642332843511e-02
-8.819039990341837054e-03
7.874224765368031953e-03
-9.539924598423854540e-02
-7.698392811514787049e-02
3.297154008443436979e-02
4.619786891351851388e-02
-3.461550212388053716e-02
-2.498058048438034362e-02
-2.855607666620629814e-03
-8.599326081122349308e-04
-2.975104711642750921e-02
-3.832747982595807734e-02
-1.699876972065528236e-03
6.662305752904718048e-03
-9.784506973575135547e-02
-1.139083068962820633e-02
-1.024181562163550829e-02
1.886553114475186810e-02
-1.002483304832171296e-01
-1.000675862691156048e-01
-6.921347016192980206e-02
4.472280084303270620e-02
-5.414364929070281107e-02
-5.177045278051761734e-02
1.833995891614259577e-02
2.386659997257067900e-02
-6.498751296188931548e-03
5.773861455149020827e-03
-1.830087364633303793e-03
2.899927235409194282e-02
-5.272991274823191077e-02
-3.886692424884374830e-02
-1.372591223390573489e-02
2.011847406594435839e-03
-8.968794982074368427e-02
-5.790443345083451376e-02
-2.917507361459126258e-03
3.155019667149749907e-02
-5.267596466840074321e-02
-4.328223213853155116e-02
-2.680040520710313956e-02
3.780477941863757962e-04
-9.441407296910808711e-02
-3.121836963649515795e-02
-1.702287897022403129e-02
-7.786933225087500077e-03
-9.256151683168423183e-02
-2.525935564632120212e-02
-3.694668523251287695e-03
1.745664086349951738e-02
-3.331984526829034898e-02
-5.168014159661726836e-03
-2.727416334389998198e-03
-1.421429235923055145e-02
-9.221787551681193129e-02
-4.257754860630980076e-02
-1.149857760426797881e-02
-5.677916525123061220e-03
-4.900832241651431609e-02
-5.351739831975788064e-02
-1.177661076895875070e-03
1.413337655958635253e-03
-7.514858995745421488e-02
-7.101914488649141433e-02
3.842822179949578754e-03
9.245231629632977288e-03
-6.731598056972920574e-02
-6.995717313382265878e-02
-4.978492209514939759e-02
-8.225645499101874591e-03
-2.981802655150422865e-02
-4.185523513664968220e-03
1.774064769720395951e-02
3.403269590922475274e-02
-2.694142485966843914e-02
-2.629005579974008633e-02
2.980890472060737650e-03
4.270275678712742717e-03
-1.538025120019719250e-01
-4.976822428665372833e-02
-4.523124652741516982e-02
5.229196609035224874e-02
-5.361427300805821083e-02
-9.793451234118233373e-03
-7.934457992781140945e-03
3.297282766908438134e-03
-1.630971328428865164e-01
-1.236602994282876011e-02
1.826445121827569018e-02
2.380026488561193254e-02
