-1.372793486149959108e+00
-5.625095222412141993e-01
-1.581524663806121112e+00
-9.434157165492393915e-01
1.237510742985406864e+00
2.956954987156024117e+00
-1.018968749213087222e+00
-1.035049921050898547e+00
-3.019726223558564016e+00
3.243637922052315048e+00
2.131673084042432720e+00
-7.792496771378267795e-01
-4.749537324876200728e+00
-1.066212463697425505e+00
3.896570970343574913e+00
9.574884340951541617e-01
1.032965145458192069e+00
6.336291095739454704e-02
-9.025653979938653038e+00
5.577401468550689856e+00
3.177774242392729320e+00
8.235370608974790230e-02
2.163333176448745121e+00
-1.859309176886313253e+00
-1.966481829501844913e-01
4.022289890112091371e+00
-1.274576209751054989e+01
-7.819117428812205617e-01
5.285540257181935431e+00
3.942464080911705082e+00
-2.605545930490848150e+00
5.420629528402713504e+00
-2.086099207772704744e+00
-1.326873925456013126e+00
-2.690871000445582695e+00
2.558331439583525935e+00
-3.077470869332714187e+00
-6.855150168815512757e+00
3.853817178039165015e+00
6.271523457451166905e-01
3.673853193525644656e+00
1.599337338289217314e+00
-8.916591085245428872e+00
3.359717422461230285e+00
6.317001583147572319e-01
3.174552182009421131e+00
2.419171260658274036e+00
-6.745412709066584966e-01
-4.538839972256468513e+00
1.585943526941107962e+00
3.047157628931628892e+00
-3.637683780738143469e-03
2.033459172757432043e+00
-2.117109691750329148e+00
-1.967489906175146075e+00
2.640653267455107311e+00
6.077210096563305797e-01
-1.437950943265263959e+00
9.393487715034467556e-01
-7.282723332025824448e-01
-1.446258337894002466e+01
3.940397966447903855e+00
6.507951999387159958e+00
3.868371456972127476e+00
2.637643653267829791e+00
-2.282207025545019974e+00
6.013976412583588171e-01
-3.601796157958617073e+00
2.301106643329319468e+00
-8.315994973698366266e-01
-6.940003465477104783e-01
2.136457159402581851e+00
-1.285235416884788151e+00
-1.069043724642668280e+00
1.109872326587250768e+00
1.526727691370652451e+00
1.069817409877060754e+00
-1.290537615703811980e+00
-6.179135490563723465e+00
-5.170849189979804805e+00
7.844736063755618716e+00
2.804305074203185200e+00
1.262955528090856205e+00
-8.377231424176869723e-01
-4.102924552174883388e+00
7.523224125623045211e+00
-1.611608158407022984e-01
-4.949433369745605660e+00
-6.300095190878067797e-01
1.905370749098452166e+00
-1.055540447287775407e+01
4.710495169613665212e+00
3.814949151572434971e+00
2.471999621712612338e+00
1.047269669844155260e+00
-1.951828631953461013e+00
9.811421590433013762e-01
-6.666104118411539048e+00
5.810372804316315865e+00
-2.696069712547725317e+00
5.202986408410851027e+00
-4.708098696508855596e+00
4.433611542125390770e+00
-8.062060964973099431e+00
-5.622472484006095783e-01
1.658271942629539808e+00
1.100062352718424563e+00
1.444378639613603355e+00
-7.586520153863020255e+00
3.645860191359417968e+00
3.386020176657126513e+00
2.338152983154216713e+00
-4.699943673642792419e-04
-1.725726601096397417e+00
-1.054280513568347999e+01
5.828196966065320339e+00
4.078395418680827333e+00
5.151260446456802811e+00
3.683221097563972535e+00
-7.637987848919806311e+00
4.741387433725492428e-01
4.450252736047573876e+00
-4.630950160892140843e+00
-3.655830903285988143e-01
2.033817015335714018e+00
-1.974361880954248250e+00
8.997465339182269872e+00
-2.444833263030986359e+00
-4.905650255358551703e+00
-7.645869530697595451e+00
3.048918560973888248e+00
3.159098435608868272e+00
1.659707499534775366e+00
-3.179067754869009832e+00
1.834917246757370890e+00
1.460413577335728519e+00
-8.756720907535679999e-01
-9.077673950164637517e-01
-4.355561715746887330e+00
1.400980852426116030e+00
1.016695878232212635e+00
1.208482881402900944e+00
7.159555887848512157e-02
4.864539148124862322e-01
-2.638791021930018132e+00
-3.993830501549467726e+00
3.763205148007671141e+00
7.835598222963341186e+00
-4.659558324881288627e+00
-4.367472364663171902e-02
-7.254092362765405255e+00
5.788062881472654908e+00
4.085493640475263533e+00
5.434485717881528899e+00
-2.642609422846149414e+00
-5.563352413762288506e+00
-6.755974450184183411e+00
4.911267337155379664e+00
4.072350309633335996e+00
-1.005034382374563506e+01
8.484908535149997988e+00
-1.652488869511088865e+00
-7.769336845101932454e+00
9.038183145828767806e+00
3.280713798083937149e+00
-1.044600773520961923e+01
-3.534482277589759747e+00
5.083579848681040403e+00
3.752932905242658990e+00
1.138037531031898197e+00
-4.429722649659495914e+00
9.734021417407774379e-01
-8.225688929772729807e-01
-6.416490273944788214e-01
-5.460303178776612754e+00
-5.568043205247647620e+00
8.380698784012395208e+00
4.061950810955764268e+00
4.677992074493886321e-01
-1.500500634454425608e+00
-4.427628638539914618e+00
4.415216382062041589e+00
3.070767078522337101e+00
-2.835286080678642406e+00
-1.458761744299863494e-02
-3.360406337273786903e-01
3.060362753997992513e+00
-2.650537588173591530e-01
-1.251698135923030009e+01
-5.031581033418120796e+00
7.941391810188605405e+00
6.234752508547487082e+00
