-2.418539055525648074e-02
-5.300857728312013961e-04
4.114890902114254345e-03
2.326556487466313605e-02
-9.870781150065788268e-03
-9.361489057799099456e-03
-5.136080512004648213e-03
1.633221449141908366e-02
-3.079054990690943683e-03
-3.078651892779005195e-03
-8.170115535122146611e-03
4.681984442551700987e-02
-2.418509328625617627e-02
-5.306671378166871733e-04
4.115088415367784691e-03
2.326577357061654361e-02
-9.870828463527381302e-03
-9.361834031611726559e-03
-5.136547724517992464e-03
1.633200869349615836e-02
-3.567681435116898392e-02
6.045876495150981356e-04
7.653995885932074472e-03
2.273278611118345616e-02
-1.953661786262106403e-02
-1.953523693634706682e-02
7.375294418368705252e-03
6.648200386908076354e-02
-1.679493387464847665e-02
-1.679435951385044312e-02
4.130100620366228270e-03
3.201566177104919753e-02
-3.567651328750609530e-02
6.045131502505629584e-04
7.652994242197896924e-03
2.273437645338427515e-02
-3.197387235619464363e-03
-5.809248763502861124e-03
1.555786399549741184e-02
2.042486764282913647e-02
-9.687506501351084154e-03
-3.607016690114317470e-03
-3.606947744784649856e-03
1.005917611517004318e-02
-8.385910111637917552e-03
-7.003427059273370503e-03
-7.002439232503210320e-03
3.261306654697326834e-02
-1.524572064183549180e-02
-2.147071407365053197e-02
6.580160275579949314e-03
1.019716759801725381e-02
-3.197392909818130846e-03
-5.809011494784632745e-03
1.556003501741343165e-02
2.042350773689127763e-02
-9.423121707584414253e-03
-6.087306783428392265e-03
3.654907853167799203e-05
6.556301523968244283e-03
-4.466977441264008419e-03
-2.813564585279593189e-03
1.705579996055250902e-03
7.263233320918160985e-03
-1.242734113931187601e-02
9.832504612616421724e-03
1.042663257372677954e-02
1.042685104188878498e-02
-1.336754149650487555e-02
8.846559260549113901e-03
1.748843658116583377e-02
1.749031525401822940e-02
-9.423635277707509417e-03
-6.087477462057844235e-03
3.623658540830021479e-05
6.556156492018239135e-03
-4.466578704628076935e-03
-2.814267726455321750e-03
1.706286231202946979e-03
7.263495156665245034e-03
-1.524541695879921832e-02
-2.147046457024992527e-02
6.580343339957384075e-03
1.019752953539310170e-02
-7.630993583509493305e-04
-7.613594567730253004e-04
-5.727820660492932703e-03
4.351609616841467520e-02
-2.386857653295293424e-02
-5.931437899531211144e-03
1.036941463452412115e-02
2.091361474002328968e-02
-1.971003437394136526e-02
-1.436424596258500941e-02
1.916926890759507174e-03
2.604363575870949354e-02
-3.613486653752095989e-02
-2.434920062301948462e-04
4.966096023258259606e-03
2.138561247783066221e-02
-2.131777704134441009e-02
-9.241542199568408833e-03
1.092493394579507893e-02
3.812040015996709386e-02
-1.198265426419742319e-02
-5.999086218406723958e-03
-5.998927054491121069e-03
2.951124423412809783e-02
-1.190958173045819635e-03
-1.190758043433604030e-03
-1.828877220337865595e-04
1.141533214490553227e-02
-3.613518581397023866e-02
-2.437625827205192053e-04
4.967029727709126874e-03
2.138500622148753472e-02
-2.131713502196364018e-02
-9.241211542841076820e-03
1.092506088305156275e-02
3.811956055987009151e-02
-2.386864880798222899e-02
-5.932338776307499728e-03
1.037005679604097175e-02
2.091364334526857327e-02
-1.970899196295605726e-02
-1.436456284577203313e-02
1.916246633010043610e-03
2.604413318803766586e-02
