1.749974478971623171e+00
1.208313661699293107e+00
1.060967279798049390e+00
7.435179751786620272e-01
-2.414570035541260040e+00
-2.692314736895284000e+00
1.350824169701581923e+00
6.256361041872935402e-01
-1.745624126983358337e+00
9.630186336709272155e-01
-1.786377124421306917e+00
3.751324357686485200e-01
4.783123303043694818e+00
-1.880602618679887428e-01
-1.656821134397247874e+00
-1.881458167958669492e-01
-1.656641105494216504e+00
-1.329039583116653489e+00
1.749790346366609128e+00
1.208421739953948304e+00
1.060856815519514385e+00
7.436084685417796436e-01
-2.414515851799151847e+00
-2.692267167486164681e+00
1.350892172855196804e+00
6.255192342917723636e-01
-1.745616360278646084e+00
9.629767093980916570e-01
-1.786341285611129592e+00
3.751910685183190708e-01
3.239813709570782407e+00
1.630315190022031402e+00
2.283944428229858659e+00
-3.230377407142839274e-01
-3.582407461247612446e+00
-3.253681959507204624e+00
2.648471711597608191e+00
1.181738781127180005e+00
-6.679424838888365912e-01
1.181838812053129573e+00
-6.679677210112373587e-01
-4.207735685367609335e+00
2.300235175170087132e+00
1.154423083449756859e+00
-1.368958801372883727e+00
1.154454568632218070e+00
-1.368913306675878516e+00
-2.293122086898165435e+00
3.239827252149567016e+00
1.630323108222185624e+00
2.283875311913220685e+00
-3.231734351144694983e-01
-3.582285155148255740e+00
-3.253617093491328660e+00
-2.417811890444454548e-01
5.417142438332263055e-01
2.414794430334580966e+00
-7.899206380203764866e-01
-1.073788337147021821e+00
-1.006928834475374401e+00
4.330860112698360354e-01
4.329637651921132147e-01
-3.484084472711401759e-01
5.668426107817907678e-01
-5.864304558764672493e-01
-5.864310570312341042e-01
9.629760928647499441e-01
9.630716555628282549e-01
8.131789942751908029e-01
1.284717067193810180e+00
-2.138630515946374544e+00
-2.138813562951085601e+00
1.925631677407537268e+00
-1.377379430069225918e+00
8.396782728774354609e-01
4.443978361863827331e-01
1.643754043008982535e-01
-1.952195315952579335e+00
-2.417522778630143421e-01
5.418371946741444845e-01
2.414808759460612464e+00
-7.899428558271921474e-01
-1.073858485296796061e+00
-1.007009167072993705e+00
1.278715319186517263e+00
6.654455656816793407e-01
-5.519142556154008616e-01
2.308239818353996498e-01
-6.440389474430645578e-01
-1.132288106224663693e+00
6.176903934868676060e-01
-1.039030269017331420e-01
3.429726901982519394e-01
4.320017719392694744e-01
-7.201115383357432620e-01
-6.243166648939393326e-01
-1.769480104979948010e-01
3.402126583669087267e-01
3.402483142852759102e-01
9.749000732921331291e-02
9.729816209853936471e-02
-6.741956879770896194e-01
-3.643847954476768791e-01
-6.019954851531821305e-01
-6.019119318257537543e-01
1.320876903426523086e+00
1.321049347716424904e+00
-1.180404639785777476e+00
1.278679481239564097e+00
6.654806361936778103e-01
-5.519088441861583760e-01
2.308135528702877082e-01
-6.440533705590070213e-01
-1.132265929583738284e+00
6.177094607092925571e-01
-1.038509974823398352e-01
3.430107640826065563e-01
4.319053272385673381e-01
-7.199060949491098427e-01
-6.245366412622530561e-01
1.925584079089404099e+00
-1.377562800570771628e+00
8.396936730786563885e-01
4.444873329060641254e-01
1.643615187680893541e-01
-1.952050094662098445e+00
1.210010808561079898e+00
-1.163548204611259962e-01
6.755923690085694489e-01
-1.165892882834356215e-01
6.755105321734475865e-01
-2.531676150920489476e+00
1.830634468919171809e+00
9.930259773730938377e-01
1.183394198287743393e+00
6.557473532681399320e-01
-2.135860344297356050e+00
-2.852266935739464770e+00
2.217924207321487984e+00
1.569801778694241534e+00
-1.231389016573743334e+00
1.156748066770504124e+00
-2.112659386825839647e+00
-2.062677091944948415e+00
3.379056765593119849e+00
1.139732110725475422e+00
2.270367645593225348e+00
-2.319885656578577482e-01
-3.089061542903252189e+00
-3.466164104164050741e+00
1.218341777068971510e+00
2.946352158355949769e+00
-5.514007121697090952e-01
-4.187226683602744970e-01
-9.064405792463929856e-01
-2.402498297969842156e+00
5.623683508087822247e-01
5.624316793605430576e-01
-2.977491969419929774e-01
2.521466001816037306e-01
-5.823918529213329975e-01
-5.822583935251088860e-01
4.532934421300183203e-02
2.068711766737152402e-01
1.172772678157087967e-01
2.068993917191619403e-01
1.173937538357137100e-01
-7.189155181700641606e-01
3.379220664704661203e+00
1.139682924363128791e+00
2.270255723781346546e+00
-2.320222035566246177e-01
-3.089133681692814548e+00
-3.466065118036240733e+00
1.218380051610012060e+00
2.946167007447940023e+00
-5.511169051058999457e-01
-4.188159344185748978e-01
-9.065317943862822858e-01
-2.402455449709435698e+00
1.830746749980733057e+00
9.928724286345698147e-01
1.183378405841608583e+00
6.558187201187308801e-01
-2.135811451554189944e+00
-2.852333481590719089e+00
2.218171801910301610e+00
1.569656892108909574e+00
-1.231371045033114342e+00
1.156753005702611858e+00
-2.112666542695663452e+00
-2.062811894758368680e+00
