-2.095650293156459121e-02
-8.194436306230290512e-04
5.799815716167389112e-03
9.855382380679289511e-03
-2.100680446700686765e-02
-1.871257585026975256e-02
-2.826082112516070666e-02
-9.101427299384567959e-03
-3.536022440897368391e-02
-1.464865450662644619e-02
-1.090536874104031106e-02
-7.734521878814959450e-04
-8.984621912216272932e-02
-5.452023136147166049e-02
2.774368894918244344e-02
1.549597784401357536e-02
-2.329294445383811585e-02
-2.073665899569321347e-02
-4.762459711651567673e-03
1.075472616113071211e-03
-5.093433068978647782e-02
-5.002023794087540054e-02
-1.692769623620282715e-02
-5.497443394642642644e-03
-2.750938614737297172e-02
-2.139823959068309911e-02
-7.652306978629841439e-03
8.145701038297037400e-03
-6.974435916652388379e-02
-3.833454286808057887e-02
-1.893802672177113955e-02
2.734442482904175797e-02
-1.890261026662054533e-02
-1.163321506847236897e-02
4.715529271977381143e-03
6.307743583007674459e-03
-4.603202256917904300e-02
-3.039511014275486644e-02
-5.637197393135950918e-03
7.899278618117122619e-03
-1.027434945806831035e-01
-3.944712024311014531e-02
1.887093756436120096e-02
4.969309025095558496e-02
-1.074317668712909679e-02
-2.101884194836300956e-02
2.702666682967702627e-04
2.400374305719621404e-02
-2.957326071250698796e-02
-3.514138665645449855e-02
-5.752885242247263164e-04
7.584164842976859333e-03
-8.598850748742714600e-02
-5.508699764331881354e-03
-4.418066526475694644e-03
2.059872342012614155e-02
-9.268778836109570207e-02
-9.061574338876399182e-02
-8.019880927996214659e-02
8.211045234527269976e-02
-6.052447795396576069e-02
-3.671695603889824078e-02
1.043373335630248810e-02
3.209197730361323941e-02
3.202526214285406070e-03
9.464505655549348972e-03
9.507250460494942601e-03
2.363811803785154098e-02
-2.855063843145377867e-02
-2.721732003178778392e-02
-6.307960597190742646e-03
8.233936434568489560e-03
-8.978657517432031554e-02
-5.534683323451750070e-02
-2.078457758165619396e-03
2.532053155394775601e-02
-5.922761752658489698e-02
-4.755340196365853700e-02
-3.897653192884709128e-03
2.444458770675828063e-02
-8.229213113348055053e-02
-3.735445733723241624e-02
-2.109933594507595878e-02
6.940550471104645069e-03
-8.886455627759048959e-02
-7.202658881587664652e-03
8.410321766237682795e-03
1.867433764148507258e-02
-1.388357398172002100e-02
-1.014565870357730937e-02
-2.155963375320690822e-02
2.740035821524666737e-02
-8.459016521740148065e-02
-3.798195690860128870e-02
-7.602215282371149740e-03
-7.130470006592393162e-03
-7.368463609578701501e-02
-3.130165223636960370e-02
-7.931975405815805402e-03
1.806660444533192411e-02
-8.100299760230855739e-02
-6.633934444231504024e-02
1.254814845716034633e-02
3.781964360655853952e-02
-7.197888190987478119e-02
-6.337191951356224706e-02
-1.950473986227740930e-02
1.091735397096282867e-02
-2.992442886174928596e-02
8.434153388088061476e-03
2.726734967807509236e-03
3.087035704208473952e-02
-2.578050063076986476e-02
-2.640105017639449159e-03
4.362636222366989003e-03
-6.475604961915237823e-03
-1.498453024005872436e-01
-4.618239843560889568e-02
-4.284554015614006062e-02
5.399581841952616479e-02
-4.599405060914896204e-02
-1.402711400332234959e-02
8.245501660033571767e-04
2.603708343721589102e-03
-1.553623773134011898e-01
1.097921493893827538e-02
1.426690453713530538e-02
4.468625622224697835e-02
