-8.622691306422183288e-01
-4.630588742346617437e-01
-1.158777721006174488e+00
-1.173781778246379304e+00
2.506779110392486132e+00
9.868983381688849477e-01
1.420010195070560144e+00
2.858140134512723307e-01
-9.821096072133030930e-01
2.106168092167166606e-01
1.553989593633104960e+00
-2.672509454452850264e+00
-1.820529831164350298e+00
-2.443426825958127324e+00
2.866530151303777529e+00
3.369960374141527382e-01
9.974583389230673447e-01
1.719902781105417944e-01
-9.464142996753565740e+00
4.072066331169395426e+00
5.600313355483251598e+00
1.916758570655105132e+00
1.980450724602462742e-01
-2.228383873877362475e+00
-1.242070596676317962e+01
1.797206686221343830e+00
2.495728582918260940e+00
5.301419962785686835e+00
4.965828003221176346e+00
-2.318591318758151942e+00
-1.501402718472917286e+00
-2.136562779847338334e+00
3.505155710856584506e+00
-2.060140873229599379e+00
2.310696585719256291e-01
1.610007417563224408e+00
-3.522726305626648013e+00
3.719988598997915119e+00
5.817051085719526782e-02
2.834339677785962408e+00
-4.219223992587700423e+00
1.085711940989298796e+00
-1.087435895629209881e+01
4.798893377901123358e+00
1.465808183129794884e+00
2.874612023219896173e+00
3.436909895718400776e+00
-1.586335088847633301e+00
4.718186948961431426e-01
-1.183758522551713099e+00
1.898750034229991002e+00
-1.379965802408946729e+00
-2.493147999030327355e-01
3.403590464010761707e-01
-1.601341405538320828e+00
2.259488370871252982e+00
5.590982543069173971e-01
-1.599161275540737392e+00
5.155889015607897363e-01
-1.023096943899446387e-01
-1.601394205902829526e+01
6.107829410499022060e+00
5.673627885985752073e+00
2.907754483819687152e+00
5.006140710046253162e+00
-3.322896362618422472e+00
-2.121447442717681042e-01
9.203373991748122762e-01
1.202167540699804249e+00
1.295733131103702362e-01
-1.521739155812554145e+00
-6.247582348162410426e-01
-1.276476596041746348e+00
-1.905898482934247795e+00
1.165128445642480415e+00
1.891212721956748055e+00
1.084694547661527508e+00
-8.985519701476931687e-01
-5.400680098687914210e+00
-5.569497884847933733e+00
8.205733032897185808e+00
2.591273637652577122e+00
6.737532048623791070e-01
-7.230371875550503091e-01
-5.752965623729835443e+00
-5.286620300632250746e+00
6.285994381054251789e-01
6.798783304607724176e+00
1.350863497735105057e+00
1.890223751826070497e+00
-1.120113110499609377e+01
4.228989185606820911e+00
3.875098494754482203e+00
2.972089580250298013e+00
2.162220682459448540e+00
-2.347472388728064630e+00
2.016121082328098169e+00
-6.851458026020679881e+00
5.565168221831285678e+00
-3.041266414422310049e+00
4.814851554090097352e+00
-4.703727162125716177e+00
4.475862573503732733e+00
-1.671649511328681115e+00
-5.555670106642239148e+00
1.257856234433290865e+00
1.076176251223714075e+00
4.793016459042860333e-01
-6.852571914026711397e+00
3.427091379466233434e+00
3.266924162349454264e+00
1.625181126899292394e+00
-3.080356163500397315e-01
-1.149453234614838948e+00
-1.015618950692947919e+01
4.959316554442551706e+00
2.841126048823980454e+00
4.250296043150740388e+00
2.571585840726015704e+00
-4.362431404639650623e+00
-4.388664049904633657e-01
3.293806889101048796e+00
-3.202700109449423849e+00
3.042514930543092078e-01
1.497599350226224146e+00
-1.489042567492219860e+00
7.566251600629229301e+00
-4.004069543603932857e+00
-3.090368948236019264e+00
2.336582668098401427e+00
-4.873343304802546072e+00
2.087726520305366762e+00
5.603350883902891155e-01
-2.135417445346661225e-01
6.318924701356394280e-01
4.821551303170110714e-01
-1.040407517496220180e-01
-1.427913747047611537e+00
-4.254991272667780322e+00
1.562158358614851750e+00
9.254585614104087199e-01
6.962308653778421785e-01
3.504393198081174887e-01
5.570494645443915260e-01
-3.297326732369100455e+00
-3.700674819075956634e+00
6.845205574414592320e+00
2.621076658663724857e+00
-7.315473353073826956e-01
-1.655431209212693489e+00
-7.218485994307698661e+00
4.592667991741791411e+00
3.397290755288722153e+00
3.315789229842607710e+00
-7.441534206406572594e-01
-3.314562021026162597e+00
-6.861203192003785034e+00
3.583560833359584308e+00
3.713000155842337335e+00
-9.558765263781708654e+00
7.759383733431235441e+00
2.234662207047364291e-01
2.648855532112577293e+00
-6.136498967878694089e+00
6.112043548719555019e+00
-3.400199867147520649e+00
4.592643909361072474e+00
-6.316484287295082822e+00
5.721397152906604333e-01
-4.487262896246136279e+00
3.521106868632315923e+00
-1.043839852029847748e+00
9.456162765489892763e-01
5.199553255299207422e-01
-4.106847870065664097e+00
-6.190436519388754277e+00
8.290388769145593528e+00
3.106237927955689315e+00
-3.294814012251094937e-01
-4.567098181311735061e-01
3.060560725653289182e+00
2.037107110023200107e+00
-3.055372257203828212e+00
1.027300429207258503e+00
-2.660436450516570517e+00
-5.339917029908889390e-01
2.667575715754196608e+00
-1.110422536929358728e+01
-1.181903843812264654e+00
6.265939523406217404e+00
-2.399727623142055677e+00
4.932881434999387693e+00
