-1.882408874445047342e-01
-1.166981452731545854e-01
-8.202397997357468995e-02
9.325974879137000073e-03
-1.410938944433071107e-01
-1.045294488336516725e-01
-3.923601140325638781e-02
6.324545194258668346e-02
-1.682009713373953108e-01
-1.307240126561752813e-01
-5.058924732614333841e-02
-3.775917123478089721e-02
-1.620847369119051695e-01
-1.614405652619719245e-01
5.300322655930900240e-02
9.098345951527742059e-02
-6.532645995699803976e-02
-5.838120545914549098e-02
-6.854184626458170726e-02
1.038236543212756047e-02
-1.781944977866227742e-01
-7.820408724717142768e-02
-2.097770322713743418e-02
-9.319650130105827657e-03
-1.909521332633195012e-01
-1.385821145462748927e-01
-8.445610521281166072e-02
5.057678348023664228e-02
-1.564230385965832415e-01
-7.160113329537631799e-02
-3.779831254365362270e-02
1.676285697215140758e-02
-1.414147383937751634e-01
-1.300578061188892853e-01
-1.015983545255116915e-01
4.382401616832654057e-02
-9.033542914676240265e-02
-8.997424922206986864e-02
-9.918660270355883490e-02
-6.296336652690026625e-02
-1.388884177997933289e-01
-5.752434672306372399e-02
-4.063243738873922872e-02
-3.778622241048967823e-03
-1.433202240624642521e-01
-5.849741147771236882e-02
-1.661985390693399012e-03
-1.554521291946553418e-03
-1.149213709065619593e-01
-1.271843157112382272e-01
-2.303761617072708212e-02
-1.283885863064404553e-02
-1.626609045826055144e-01
-1.198379320130877890e-01
-6.964526704514706346e-02
-3.307265365936506996e-02
-1.346899704947712717e-01
-1.201903639631678455e-01
-9.684654037398887638e-02
-6.159372905792470654e-02
-1.206134113959462795e-01
-8.661128894316116877e-02
-6.887893270621048281e-02
3.515057161220580539e-02
-1.096067913449281228e-01
-7.866484136754081646e-02
5.224733122408675712e-03
3.788126805385250151e-02
-1.552400132596500892e-01
-1.623567515595485400e-01
-9.249370771226339549e-02
-5.472642263039340094e-03
-1.364324498697566668e-01
-1.179227485309979340e-01
-3.582441050785067915e-02
-1.713611524711544654e-02
-1.576694765196586800e-01
-1.309980308362679313e-01
-1.159907508320061620e-01
-4.636333978883566687e-02
-1.571909780088069919e-01
4.616976206694811680e-02
7.627532210129839285e-02
1.228539720825776449e-01
-1.729898184398181993e-01
-1.401533223923745464e-01
-7.627767166195265069e-02
-5.065534497156765070e-02
-1.275627054217165490e-01
-1.071917312805721334e-01
-1.486669324121669966e-02
-1.277116325155658316e-02
