1.090284546068126303e+01
5.087365540731397573e+00
-1.295560959506948961e+01
-9.882471354893283433e+00
5.615027560337239265e+00
1.584165483497983473e+00
5.094436226666331891e+00
-6.104221792880906605e+00
-3.953375273352719432e+00
1.071878573454483785e+00
-6.396202031736493154e-01
4.247806262605664074e+00
6.027467921894213987e-01
-6.055081090848389636e+00
7.422652326903147468e-01
-1.315967422872461157e+00
6.948106510005146674e+00
-1.433754349545338869e+00
-7.953183407234078572e+00
6.008723798941900895e+00
2.504710573634767456e+00
4.611217596340708269e+00
6.119524607885068690e+00
-1.057652085401223019e+01
7.888445390365092180e+00
-1.742008627551690836e+01
1.066920989680596676e+01
3.037462549330030015e+00
-3.997896636581344865e+00
-2.131877931361657375e+00
7.956166812601210836e+00
-3.427613226863471141e+00
-3.898841018886784582e+00
-2.560839738250564324e+00
1.022641514487077075e-01
1.879868863923618960e+00
-1.787595492522854101e+00
-4.531831302850648058e+00
1.209967555393475891e+01
5.065326246830892387e-01
-5.335070718575266824e+00
-1.404463483028706605e+00
-8.379297401422093117e+00
-3.647046983128433340e+00
9.051905718564299264e+00
4.316774231315889665e-01
3.134314489191737607e+00
-5.941966072415425515e-01
6.019263430939446380e+00
-3.642450053545132960e+00
-2.923606909891844907e-01
-1.021466552315146714e+00
-1.546008692310820720e+00
3.566024746387199684e-01
4.767944267553843929e+00
1.039313867025717286e+01
-1.561450078848586998e+01
-8.905954887607094861e+00
1.035758636956262535e+01
3.280695314875856639e-01
5.053560415584428256e-01
8.802274288990048490e-01
-1.054390240395471778e+01
3.914397172496961730e-01
4.255812828344971877e+00
3.556182736079918527e+00
-3.995086495218686196e+00
8.025860942020528910e+00
-4.720247712437711129e+00
7.585114884128074664e+00
-1.814263957964456608e+00
-6.041688255619121151e+00
5.597153416438246154e+00
-1.097956960302923335e+00
-5.825961116146217478e+00
1.036876903337287104e+00
4.362115046657919493e-01
-1.159562344930407107e-01
2.205461179914834702e+00
-7.818993165533839829e+00
7.630613026191198855e+00
2.036614432286540932e-01
-8.273721610158077056e+00
6.387255606664183460e+00
-7.327269778096479058e-01
7.927548203781583425e+00
-3.583365370172344910e+00
-4.417368530414734096e+00
-1.304616566157534407e+00
1.715728663404831877e+00
3.076154381284837314e+00
-8.811059000037644751e+00
9.215879490650351613e+00
2.759645417893352715e+00
-5.417910799579900072e+00
-1.035882277878414470e+00
-4.285508950585395382e+00
2.680896291987309610e+00
6.387359643664609621e-01
-2.165562850832571939e+00
-4.050246331568828850e+00
5.844236211462856545e+00
2.004885674748648228e+01
-6.805591201368017096e+00
-4.053850595542925817e+00
-2.805154866516630818e+00
-1.020754152029712714e+01
4.546670490457998426e+00
3.697715023269168455e+00
-2.411371908356443328e-01
-2.181266771815444372e-01
-1.143949393156452743e+01
1.772506404073467934e+00
5.877814900227704697e+00
6.837313547117631174e+00
-1.213137815187842250e+01
7.504113825274828287e+00
5.248008742128575932e-01
-6.762151985522947939e+00
4.525071098418621318e+00
-1.768587647264315876e+01
6.196728484677946369e+01
-7.204779718704088509e-01
-2.196669562626432537e+01
4.141368789631783898e+00
-2.592892563498440950e+01
2.922167735213477613e+00
-1.714693040201467511e+00
6.494453110765590509e+00
-1.242464158187004841e+01
-3.719687355649710980e+00
6.224582613878567372e+00
-1.273940205001409254e+00
-2.695917473255491359e-01
4.546739542709829607e+00
-1.020534115846011503e+01
-3.800682634332559928e+00
8.595812975324449212e+00
