-1.095684577557648254e+00
2.580639098265521625e+00
-3.454012559257648718e-01
8.789784940326939022e-01
-1.033890937395668175e+00
-9.211952404931338378e-01
-2.348846378580077499e+00
2.507334590908513405e+00
1.769836813502706718e+00
-2.282969143517306065e-01
-4.842436264060125950e-01
-1.246519844384593512e+00
-6.383393228462352909e-01
-6.380833042862690263e-01
3.302712860561840102e+00
6.044097520908024990e-01
-1.268519920488841990e+00
-1.268613489857813192e+00
-8.098911945048996586e-01
2.858479424173168582e+00
-5.676915936043798183e-01
7.156665961190356029e-01
-6.549906685312691934e-01
-1.492875820337189907e+00
3.490321293691778237e-01
3.528818074574786579e+00
8.151128676578878185e-01
3.052610773819523615e+00
-6.501742600501216884e+00
-2.137539385355680110e+00
1.175770269316416261e+00
-2.302436771388656211e+00
1.765141769931048543e+00
-1.039868303788466619e+00
-2.308680865752990030e-01
5.889939545320572734e-01
-2.188346361407411678e-03
3.602887229784386136e-01
2.657297726177887398e-01
-1.620950862478736099e-01
4.505823698193296423e-01
-8.846181860910462547e-01
3.491661549255084651e+00
3.491306012708847106e+00
-6.614397585514936395e+00
1.905744867070964688e+00
-1.716624069880865022e+00
-1.716603156391371954e+00
1.168897377267157367e+00
-1.918811097004791577e+00
1.614204209560853087e+00
-1.190969064911456599e+00
-3.374892667414570724e-01
6.136199057448976646e-01
-1.097265505369151128e+00
-8.823593998248924208e-01
3.152241026905159060e+00
1.305536382504286053e+00
-1.370082695692005359e+00
-1.023432685074340043e+00
-1.786840639104482875e+00
-1.786773740146273326e+00
2.712722373290915812e+00
7.834870366749129289e-01
1.059006851428989648e-02
1.089696746370805158e-02
1.175816429698969046e+00
-2.302416240611876219e+00
1.765344524264875758e+00
-1.039841318794984204e+00
-2.309488019173500106e-01
5.887725721631369424e-01
-2.077368717138483589e-03
3.603419109451380109e-01
2.659418029385705040e-01
-1.622131785391189851e-01
4.505663960773063081e-01
-8.848459696424271215e-01
1.411730266747483142e+00
-1.373784840914765937e+00
1.445895797162535246e-01
3.496085511940947299e+00
-3.005495099258538971e+00
-6.149910136210223754e-01
-1.313807879600815909e+00
2.740939343157222652e+00
1.318676557444504738e+00
5.402898320476339222e-01
-9.084283282129916870e-01
-2.367627187706744962e+00
1.630041175582434221e+00
1.629636681255419717e+00
-2.468559026335228168e+00
-8.364492429812031560e-01
-4.933358516811381378e-02
-4.932755540566802210e-02
9.438401676651011485e-01
9.436262591335662364e-01
-6.859927392114570921e-01
-8.568797172937081541e-02
-6.168529365207575665e-01
-6.169442966307059351e-01
-1.095534341271218182e+00
2.580705898162491962e+00
-3.455442644242197048e-01
8.787772102656248308e-01
-1.033802099586296208e+00
-9.211604374941515516e-01
-2.348936327446509154e+00
2.507562145322168590e+00
1.769619175890085216e+00
-2.281776497815855009e-01
-4.843543017097005077e-01
-1.246465934101010475e+00
-1.236213713953219440e+00
-8.337356994846487623e-01
3.276675183246837264e+00
-1.030320168343209275e+00
-1.899141435008999679e-01
-1.836916095010963090e-01
1.893163733245629032e+00
9.765268992873927800e-01
-1.499908415175198684e+00
6.263637751576425217e-01
-1.106563827425333102e+00
-1.166190113012987695e+00
1.411753380617668086e+00
-1.373900209025308072e+00
1.448495411942190003e-01
3.496199594323854853e+00
-3.005448788651207792e+00
-6.153070394298651991e-01
-1.314307181546112702e+00
2.740751613237733864e+00
1.319109825115930335e+00
5.401815281317681183e-01
-9.081055811023617252e-01
-2.367574182517941495e+00
1.168986657410144403e+00
-1.918414685106085926e+00
1.614060515658536588e+00
-1.191034375573408965e+00
-3.375506698191230726e-01
6.134064819559199577e-01
-1.097382404183292692e+00
-8.823816064230385336e-01
3.152371450023863986e+00
1.305054951515685957e+00
-1.369833130315640801e+00
-1.023208750403966860e+00
1.595375994156412958e+00
4.613843125549124125e-01
-4.534089514886687766e-01
4.614459988962806847e-01
-4.535176598790826574e-01
-1.703201925131764938e+00
-1.236180766974086964e+00
-8.334073173609510832e-01
3.276439392256605743e+00
-1.030486284436051392e+00
-1.899213734203328841e-01
-1.836524548715487981e-01
1.892672204228006194e+00
9.767649037235912601e-01
-1.499715195760401798e+00
6.264302068376821353e-01
-1.106377397961352926e+00
-1.166364497547093038e+00
-8.096450232322212059e-01
2.858380573382873990e+00
-5.677935092538604067e-01
7.156302552043740661e-01
-6.550498320633408866e-01
-1.492833346410009199e+00
3.494717214628764168e-01
3.528324199841875952e+00
8.150443847627428795e-01
3.052670245721117226e+00
-6.501621480500574535e+00
-2.137557272790658658e+00
6.900868253142533604e-01
3.751845935457680525e-01
-4.729664171825334051e-01
3.754148671638688484e-01
-4.729261143836538395e-01
-5.843456390850576554e-01
1.929579002291788470e+00
4.869135792964840448e-01
-1.028020914426591048e+00
4.871188310118412801e-01
-1.028004122691640987e+00
-1.066302717899219488e+00
