-5.548473223684680100e-02
-1.991964089584996600e-02
-8.338722796191744280e-03
2.782337418138958185e-02
-5.660705724235381986e-02
-1.006419032019345572e-02
1.176802992735170861e-02
3.245027984383419550e-03
-4.943372780072730066e-02
2.662355685253192661e-03
2.663355672762435233e-03
4.370902110433139143e-02
-6.288670813604002596e-02
-2.212292102737034583e-02
-1.755255850882431190e-03
3.003301928704082968e-02
-5.966825679564724538e-02
-4.470273494334775499e-02
1.835204928417821790e-03
2.682636667830839983e-02
-2.482542604991655466e-02
-2.436956107124821358e-02
-2.782468425203799001e-03
-8.389798970638295827e-04
-2.468052733006032007e-02
-8.595601005935593619e-03
2.994917504872462999e-03
5.911934210298230852e-03
-3.650535782991237710e-02
-9.615317082627194978e-03
-9.615239788943519272e-03
1.961320475793004725e-02
-2.559189775155013002e-02
-2.478865283568820743e-02
-5.272126893134831960e-03
3.539387473653121674e-03
-6.135432348273650582e-02
-6.282122909519571863e-03
6.361081589529415936e-03
4.311181486688453468e-02
-4.983255364136129906e-02
1.149724582653743887e-02
1.149766238862359735e-02
1.536943560894599159e-02
-2.482537441324539351e-02
-2.436969730218807584e-02
-2.783095987872519217e-03
-8.388343026188849194e-04
-2.468101345713002992e-02
-8.597052189950771250e-03
2.994702804087312487e-03
5.911771203492399707e-03
-5.209407930631004824e-02
-4.928447814479630651e-02
-5.957564174976726079e-03
4.027669540339218202e-02
-6.213890268835031705e-02
-2.190078536442108259e-02
1.199169727511328887e-03
4.378247741110063984e-02
-4.540226518845114079e-02
8.019704718060127746e-03
8.019877735047531431e-03
9.385899754428272956e-04
7.215985788543877177e-03
9.642177540611474029e-03
9.642263653169891313e-03
-1.921862932443563210e-03
-5.548505146651261377e-02
-1.991987991179433592e-02
-8.338841220226100859e-03
2.782359012180823932e-02
-5.660838528874290176e-02
-1.006340291598828429e-02
1.176825520213031773e-02
3.245225480899227577e-03
-6.229350025505420163e-02
-1.980498688285159403e-02
6.942067354501757492e-03
1.061546501318999525e-02
-2.497375358149134250e-02
-1.648370569300827704e-02
5.566616326551976357e-03
2.457984251161171585e-03
-5.209293784722368592e-02
-4.928475458993797353e-02
-5.957299955241524003e-03
4.027676338052277316e-02
-6.213930079462159917e-02
-2.190040842157903178e-02
1.199493632339398985e-03
4.378466255706792154e-02
-2.559174866692970340e-02
-2.478851687372807255e-02
-5.272393000705033472e-03
3.538765220332473760e-03
-6.135446504071517815e-02
-6.282978590389731721e-03
6.361083070937079142e-03
4.311213035826444440e-02
-1.365343038997912650e-02
-1.365277349567972642e-02
-8.057919194944362928e-03
2.759548704258985019e-02
-6.229308344909845196e-02
-1.980440772063207788e-02
6.942472370230268197e-03
1.061471133012092949e-02
-2.497301063153156697e-02
-1.648403501836503970e-02
5.567731887942128921e-03
2.458005378141114861e-03
-6.288685812404515296e-02
-2.212255644038574331e-02
-1.755604393586684964e-03
3.003284356803614941e-02
-5.966925367170983208e-02
-4.470156194319363507e-02
1.835530893236736460e-03
2.682676689171370477e-02
-3.492622455202987197e-03
-3.492457697016337903e-03
1.880295082215877045e-03
1.417853794877732554e-02
-1.631044591658570297e-02
-1.630930123375162744e-02
2.689011092204429687e-03
1.421493558768993637e-02
