7.287052821576992301e+00
1.408765815392769127e+01
-2.110191411924994043e+01
-1.221620150890480261e+01
3.552563039028981962e+00
9.303417700454986061e+00
9.337962202832201797e+00
-2.958261543750637657e-01
2.113625671431634601e+00
-5.360909775989995296e+00
-8.509403977610546121e+00
2.156578230426546838e+00
-3.991224774016330912e-01
2.856257751725891580e+00
-4.477037998360927418e+00
6.625470472969155367e+00
-7.921345991647399387e-01
-4.222728475031928497e+00
-9.703303406994763236e+00
2.246991213390046482e+00
2.588195077758570051e+00
3.882594663731950391e+00
4.598160800797344905e+00
-3.324972487212519923e+00
9.270215013624778067e+00
-2.401541703168419417e+00
-6.642386957440280071e+00
-2.371771561441519793e+00
2.469132138546669353e+00
-6.365268972124624725e-01
-2.569375459237377868e+00
-1.565805529978582911e+01
1.342577761342448639e+01
1.012777972004870719e+01
-3.909306190148981841e+00
-9.221097169372143298e-01
-1.646494918398985874e+00
-4.221669050388825895e+00
1.001878830239469664e+01
-1.537863567074680304e+00
-5.245363731842928701e+00
2.043940064803109635e+00
-6.357173308418424540e+00
6.989555212266495232e+00
-2.158156529358748799e+00
2.928874198531275397e+00
2.384342527018930014e-01
-1.509660656941861134e+00
2.846041665224987582e-01
3.675281985843056987e+00
-2.642080679657155429e+00
-3.490409908201002054e+00
1.341601645178428726e+00
8.777307811291876760e-01
1.220111528372200382e+00
4.723629142354056398e+00
-1.326984962205023066e+01
-7.331785500409708334e+00
7.894947916648945352e+00
7.378293966407653670e+00
-1.099329269422599964e+01
9.358364115326907040e-01
2.858418026159043279e+00
5.013552008278594485e+00
2.590340392925014612e+00
-9.668262666624229951e-01
-3.462561133130904523e+00
6.112933186972114186e+00
-1.851150369019350705e+00
7.781172834993540732e+00
-2.658276097612144895e+00
-6.497188291308106045e+00
3.026615549462661647e+00
1.659309412936337935e+00
-4.180060223776251860e-01
-6.490852215902975786e+00
2.602979677767820021e+00
-2.988498334223663733e-01
-7.743903302102523867e-01
-8.394031384649636607e+00
8.879403485857139344e+00
3.841133071072064809e+00
-7.999213825905215458e+00
4.836339020311228865e+00
-3.521433877977770521e+00
-5.797614837678452204e+00
-1.520795241925156915e-01
8.354672591345831734e+00
-3.038092277193570112e+00
3.792480606405987942e+00
3.306016973371654899e+00
-7.965373550738206632e+00
6.246142671505268140e+00
5.874473647607629800e-01
-2.285402027090341903e+00
-4.742278300529392254e-01
-6.742601073780846832e+00
1.319161125084917785e+00
3.436897356545244975e+00
-9.174721635073979087e-02
-3.149974028537457116e+00
3.994216974833420863e+00
1.876916920584015713e+01
-4.677941641542176399e+00
-3.794106542623438827e+00
-2.153748915745296699e+00
-1.160761039976678433e+01
3.747540257226106064e+00
5.497134615119762202e+00
-6.689026338270451788e-01
-4.043565958918122760e-01
-1.024586051500931205e+01
7.328700611645189156e-01
4.784215708994977945e+00
-1.311145818011000586e+01
8.127493750999960298e+00
4.870843101628622662e+00
-1.259913738291771779e+00
5.051792184219408455e+00
-3.633713177882896161e+00
1.220777392418270324e+00
5.977066427362673551e+01
-1.950455283682657637e+01
-2.562809908795991021e+01
4.982145475534679235e+00
-2.163538814077793404e+01
-1.438738192157767060e+01
2.605913632835424210e+00
9.755360400356295258e+00
1.299070673625510608e+01
7.487166416277872827e+00
-1.650719291783522635e+01
2.232948106562830048e+00
-1.949028809639656856e-01
5.246560785910830305e+00
-1.131510164674213570e+01
-5.422787472026868727e-02
2.489231852851247595e+00
1.394490166951868559e+00
-3.064709744942803127e+00
5.899684105897947006e+00
-1.097967789347700318e+01
7.274070747334462794e+00
-3.732753202002868420e+00
