-1.032465681223393439e-01
-9.284810878590943339e-02
-8.031442486612805354e-02
-2.226246200651482710e-02
-9.835720715434526085e-02
-1.008326507372492298e-01
-3.445410286014327639e-02
8.950549133820739911e-02
-1.308634421918450919e-01
-9.646279142564728737e-02
-2.637654035640979444e-02
-7.496416473032230243e-03
-1.334120144879806791e-01
-1.254286698185984594e-01
5.598969075545623397e-02
1.120717001302398153e-01
-1.439161124841044082e-01
-7.572170001831102226e-02
9.498641193588897025e-03
3.689879898714254480e-02
-1.422666198823927530e-01
-1.343866002999307696e-01
-3.273207070112116313e-02
1.164277453581399335e-01
-1.698634190919687814e-01
-1.221480902079572495e-01
-5.299238486403723414e-02
3.986091162931115761e-02
-1.204300901595736217e-01
-5.164049627096067852e-02
-3.719376131655782736e-02
-1.805788354695847531e-02
-1.073072260599186034e-01
-1.058518038042772780e-01
-1.049301261526878193e-01
1.026422959000186097e-01
-7.944755360767752350e-02
-7.709669303891075742e-02
-6.416942626938348937e-02
-3.212865158975652946e-02
-1.195079890818486756e-01
-5.422756028921593696e-02
-4.105989895825556957e-02
-1.127805648717172815e-02
-1.101306090930902482e-01
-5.059949372188854433e-02
-1.886130092749560561e-02
2.121866224592672268e-02
-1.095422321520138631e-01
-9.538881407636523591e-02
-1.298221426952173019e-02
2.209270725353151832e-02
-1.439978815863838246e-01
-7.757342622344354233e-02
-4.334419340359563222e-02
-2.868533877072421134e-02
-1.313674203759980230e-01
-1.042046951437090030e-01
-4.292256947210160156e-02
-1.035990660208407910e-02
-8.372035793723275887e-02
-2.026263258779925636e-02
-2.602284763116102795e-02
5.577846536230390839e-02
-8.310768825855929798e-02
-6.876624991793600650e-02
-1.421076717238545228e-02
6.828486638777375717e-02
-1.256467776470548969e-01
-1.353306815491326365e-01
-6.309886721129220888e-02
2.768677821334097899e-02
-1.239791109914361034e-01
-1.000953855607042975e-01
-8.012443934642110577e-02
1.104100543957886593e-02
-1.441825265284077950e-01
-1.080352104357822363e-01
-5.943532431349374257e-02
1.857583427030817802e-02
-1.251938118152631230e-01
4.780475223401081664e-02
5.627562773903349580e-02
1.052342323776174204e-01
-1.372919879132890042e-01
-3.760760426663711797e-02
-3.661321482268919958e-02
8.183001900242903304e-02
-1.511746717053530364e-01
-1.087933449030287214e-01
-8.787686324475529887e-02
-4.661381057754843127e-02
-9.340130166384952304e-02
-7.153475972387512982e-02
-8.339047658573406352e-02
2.299851528259821976e-02
