8.287112805472958144e-01
9.523433406508416965e-01
-7.291410810851601809e-01
6.991347181626679230e-01
-6.833134232103077466e-01
-1.076525894018416807e+00
3.870972696221599563e-01
3.802537181547904765e-02
6.726674909179450879e-01
-2.932560416316363217e-01
-1.899960825704170020e-01
-6.298117867630992350e-01
1.224041454429553255e+00
8.857528469214059896e-02
5.237535015275796013e-02
-7.985486382941644479e-01
-2.659047176165927340e-01
-3.392976386908799213e-01
8.889136806894839538e-01
6.300151017444477475e-01
1.564152903064723432e+00
5.771522728741729225e-02
-1.537572898296190260e+00
-1.739762566204305472e+00
2.043379779284890674e-01
1.834962398155965957e-01
1.681637964270521479e-02
1.685954506182127943e-01
-1.316560491347615880e-01
-4.484203334686043263e-01
1.689808982241601143e+00
1.187863643575198580e+00
-1.385639653280875905e+00
7.285405582454416162e-01
-1.308983098095325204e+00
-1.200045830187576712e+00
1.796653480478951792e+00
1.325429182186411481e+00
2.688755258590873609e-01
1.517810813326434527e-01
-1.740747309872332949e+00
-1.921260587657940277e+00
1.799171452754322331e+00
2.662696587869945120e+00
-9.675463034477616020e-02
-7.236929439553421162e-01
-1.120097022652203123e+00
-2.698615802873703728e+00
1.172084635958583476e-01
5.891440917072543471e-02
5.877160823219327312e-01
-4.738737481062571533e-02
-3.311965427704421927e-01
-3.946993194511776437e-01
1.038400123134991304e+00
1.533161132578101160e+00
1.620004201024357826e+00
-8.373496856329722959e-01
-1.255197279074380390e+00
-2.007514334169613335e+00
3.459685277898643108e-01
-8.086755930430911121e-02
2.989069485351762978e-01
-2.186832808568937025e-01
-2.344589677981900877e-02
-3.274279053094062419e-01
-8.411465095001346981e-02
4.724776002822750343e-02
7.386053471371525347e-01
-3.239680395653579126e-01
-2.217705082712058129e-01
-1.428525237147937332e-01
2.155207756722546719e+00
1.037553392159523469e+00
-1.637371394038581229e+00
8.969259602851309410e-01
-1.622229792545724081e+00
-1.173033535232704594e+00
1.135244340778385208e+00
1.178269022522044907e+00
-2.349211003225079253e+00
5.855342775807912403e-01
-2.840787260768706801e-01
-2.430213538113150662e-01
9.489481756546638280e-01
7.570248850231990900e-01
1.488518910289101882e+00
-7.150300960030619990e-02
-1.524406216137933257e+00
-1.744129329313665266e+00
4.431117616213100519e-01
-5.332755046391923770e-02
6.767978372747052163e-01
-1.756041304531663627e-01
-2.336129898569367924e-01
-6.765703706823416042e-01
-1.776176278306849099e-01
1.032657050395613396e-01
1.324530993969261772e-01
3.909834195827102121e-01
-9.862898922838780891e-02
-3.663535996220730340e-01
6.701573949958259391e-01
1.570868606303434944e-01
2.285106139838163131e+00
-4.402411673157331506e-01
-1.287435026736062582e+00
-1.526305255256417581e+00
5.782732812081263774e-01
9.991777700289645736e-01
-4.367225323125012437e-01
7.141796534794195850e-01
-8.504877686090992484e-01
-1.001706398167129919e+00
5.571041833530614440e-01
1.225220815977365874e-01
-8.416827276545291170e-02
1.292477430480829526e-01
-1.580098355284604850e-01
-6.151952233470296960e-01
1.139973792079274517e+00
-8.833026383377671209e-01
-1.010810921999791390e+00
1.539957645645458229e+00
1.618307389043863509e+00
-2.314195069764721779e+00
3.833401340374891220e+00
5.768926717894657941e-01
4.158755369586231154e-02
-2.396586139021934514e-01
-3.633520179235148362e+00
-7.322304855337193885e-01
7.898143745487118395e-02
1.829540878183024688e-01
2.147860532647314358e-01
-1.146776309496715385e-01
-1.164500542159601082e-01
-2.543709568749505934e-01
4.007311762341316808e-01
1.098391019773430344e-01
-8.851119465805368236e-02
1.749455730001301390e-01
-7.115152151810377745e-02
-5.657495460286980915e-01
1.563428627207912314e-01
5.078888295664825137e-01
-2.043077230979264414e-01
-2.323114891816544514e-01
-3.336966286421727546e-02
-2.176182232538650396e-01
-1.511137356330536363e+00
7.858187016664146540e-01
1.417551703964079479e-01
-2.291941384417413019e-01
1.286198233605830410e+00
-4.628399035256336447e-01
7.478715540162284015e-02
1.470089555550657678e-01
2.001705910188604776e-01
-2.914044099513546371e-02
-6.982634011338006985e-02
-3.338176853336136674e-01
-1.940155835792722883e-02
1.621481027356708182e-02
6.915882312763699247e-01
-3.870007574601004308e-01
-1.245808974785944656e-01
-1.623919064092689268e-01
-1.505901345073539233e-01
4.692998651286899303e-01
-8.031839102157789512e-02
-2.578875657376755726e-01
9.784994502814470252e-02
-8.143309301870260697e-02
1.432639568415680742e+00
9.174118098152632683e-01
-1.941368726006189149e+00
1.804054881007175481e-01
2.229738702507688686e-02
-6.230635157243114008e-01
2.786711368316900916e-01
7.364361479001502175e-02
2.040805267790801736e-01
-2.781285545212739407e-01
-1.274588109367869038e-03
-2.831934116236141108e-01
1.181077440966333825e-01
1.908544748791314305e-01
-2.155315020084600519e-01
-6.543830448975995751e-03
-2.469833177684961356e-01
1.438109469200838930e-01
-8.411340232953534723e-03
7.055945000715837523e-01
-2.608747871072409907e-01
-5.654317343066708190e-01
1.148033164070199064e-01
7.807162860913763325e-03
4.561425655241038157e-01
3.074123646339046445e-01
2.405841517711294841e+00
-1.968402703373328677e-01
-1.603205098454239419e+00
-1.484215729419673835e+00
