-1.166674417705770850e-02
-5.535712463380360049e-03
-4.203187350412918022e-03
2.571623428963487612e-02
-5.112066368508472181e-03
3.430956590420031205e-04
8.153713871636547594e-03
1.720988913209486881e-03
-1.909031943605565829e-02
-1.259757152616058917e-03
1.639829143720938909e-02
7.181215105264815435e-03
-1.846216708876924351e-02
3.266774411661454991e-03
8.220224396023212421e-03
1.356803062931821735e-02
-2.075223959971284060e-03
-1.885853499964174063e-03
-1.182014309090706483e-02
6.251545896485799503e-03
-1.252185897553159677e-02
-1.218853373620798486e-02
5.611704804183936801e-03
1.812702849480918310e-02
-2.603212494480144912e-02
-1.853302964180292278e-03
-3.195677587069178927e-03
3.824826400171010832e-02
-2.680673260127708346e-02
-1.550127063782991144e-03
8.478450600227560585e-03
3.300841497008444314e-02
-4.267482710161862869e-03
7.103634269094438736e-04
8.901853336154008645e-04
2.367860221948880906e-02
-1.573196626478035043e-02
-3.348907850275750775e-03
1.650462198687985271e-02
1.794322912662393854e-02
-5.754182887838688032e-03
-9.274727925470127587e-04
5.223793617917360521e-03
-1.685104973407458573e-03
-2.544993686190322180e-03
2.970022052125376177e-03
3.570061031883398073e-03
2.382987725805252310e-03
-1.522325426317894248e-02
-1.202057998558592189e-02
2.998407768052935296e-03
1.634654523236389601e-02
-1.690422830343041305e-02
-9.567108821993963730e-03
-4.286275364722369474e-03
1.280566539495797684e-02
-1.856942467467903590e-02
3.481371135777955317e-03
8.223849657682746894e-03
1.400581283288437895e-02
-6.262735640108374469e-03
6.511784480749405191e-04
8.951322754466195519e-03
1.067617870560200188e-03
-2.584164174955327908e-03
4.917372662993635402e-04
3.789258639163683995e-03
-1.264645291832566798e-03
-1.206250264793462534e-02
6.184465689009321920e-03
8.331454569983076652e-04
2.222009322318951874e-02
-1.116521294257788455e-02
-5.561127917037778090e-03
-5.971641801901794722e-03
2.633606531487764357e-02
-3.269518230169632389e-03
-2.482753578519680815e-03
4.908788765856986203e-03
-2.947496624049916747e-03
-2.283937374364164441e-03
-1.426104613938661281e-02
1.518665221295867340e-02
1.852716150497690784e-02
-1.779757138992055232e-02
4.088808075201955106e-03
-2.905624019206465292e-03
1.944453457125017160e-02
-6.158758978409339946e-03
-2.225770294199680421e-04
4.468163486049059330e-03
-4.319908364978086723e-04
-3.224567025351676719e-03
-2.413247611066093867e-03
5.217460262219253408e-03
-1.778444863342665272e-03
-2.118068838392606068e-03
2.298070676181040994e-04
2.735541198471302948e-03
-3.103613754527501101e-03
-1.357648823896906443e-02
6.297892286593276268e-03
-5.072987018938768244e-03
1.033076406165056582e-02
-6.103692186131937092e-03
-9.903136377047427885e-04
4.947791299416692823e-03
-4.106190565180689589e-04
-2.427884175219885421e-03
3.169417237140148558e-03
4.081593554402296320e-03
2.720551839421325724e-03
-7.732140997263048376e-04
2.381743174066919266e-03
3.368984495562443726e-03
1.063348755310888905e-03
-1.370613054535962938e-02
-3.824540643446505683e-03
-3.790866148021043713e-03
1.558992205525089325e-02
-6.081658215879803819e-03
-1.802640218917517245e-05
5.163012574519010300e-03
-2.240725984727909292e-03
-3.725306075670342665e-04
-9.063192122704677445e-05
2.334959882973608458e-03
1.747263726133985173e-03
4.275062058656242669e-04
2.414360075972954434e-03
2.460505552352554304e-03
-1.059155080958218420e-03
-1.178776312679308269e-02
4.741780875859635813e-03
8.174216406449108518e-04
2.184783222328157137e-02
