-1.446243175448325147e-01
-8.124481278753070690e-02
-6.599408789126903763e-02
3.597248005561692885e-02
-8.382821341033319662e-02
-6.775557742830384811e-02
-4.032746703038769809e-02
6.319619597028536262e-02
-1.147643496741896918e-01
-1.055403387379545421e-01
-6.876968227561786051e-03
1.607969203317116680e-02
-1.244374715491527450e-01
-1.223305622653283464e-01
5.247272436698957598e-02
8.036747202956018299e-02
-7.224018564654310914e-02
1.148171023385158307e-03
3.472262178159102319e-03
4.384109889281440076e-02
-1.319796497235714572e-01
-4.380458781166729487e-02
1.329759269333830041e-02
1.536431489571921105e-02
-1.531225447456752153e-01
-7.496118816516106342e-02
-2.296450933660754146e-02
3.743049015612287533e-02
-1.036080870120004160e-01
-4.514412450743932048e-02
-3.761082475064969621e-02
5.178810073970474548e-03
-1.015976883366325190e-01
-9.148756956216597125e-02
-8.095213881516483134e-02
6.086401225975124341e-02
-7.481320657391354878e-02
-6.117255387018416535e-02
-4.154268745945555175e-02
-3.551131704265131361e-02
-8.472775435919466247e-02
-4.705507598694391724e-02
-3.787234904944214442e-02
-3.937629715400348118e-03
-1.067158037294364537e-01
-3.426896834656667501e-02
-1.977435559622087169e-02
5.542430001804987683e-02
-9.609765959762750498e-02
-6.724046796060467734e-02
-6.667853428949932493e-04
6.722020342584400510e-03
-1.298131986828536810e-01
-4.833146017508704873e-02
-4.125327752286311878e-02
-1.665388857898819630e-02
-1.072731446798294019e-01
-9.923957581603382039e-02
-2.355359353751906859e-02
-3.258062202578404509e-03
-9.118207911196907212e-02
-2.305518738497069897e-02
-2.114665318953878881e-02
2.890848237344179061e-02
-6.945304391046769332e-02
-6.566959131771965552e-02
9.801234081860954461e-04
6.235569573331245508e-02
-1.146507910457783552e-01
-1.193187022410129305e-01
-5.040076210861355044e-02
4.285114153700497752e-02
-8.894114314838419411e-02
-7.063489477341700074e-02
-7.129573035834724237e-02
2.572459961977924259e-02
-1.103186418010768666e-01
-9.627510163515440311e-02
-4.603555580724916219e-02
6.451099351969524776e-04
-1.004776846423178771e-01
1.029413681676372150e-02
6.107062906461901974e-02
6.716645039368618342e-02
-1.275869340703403854e-01
-4.891174638020201471e-02
-3.729023891396532342e-02
7.656199790287621099e-02
-1.241030430263336815e-01
-7.629346437404449510e-02
-8.544600717584893701e-02
-3.535293387063043191e-02
-7.819989424008633172e-02
-4.714981041969390496e-02
-5.432831280924665940e-02
3.286107102212798559e-02
