1.000680021780031836e+01
2.928607635342658000e+00
-1.084040830001360689e+01
-7.219824679954101043e+00
4.038591189433262230e+00
1.071136988769040954e+00
6.068614067160865488e+00
-4.358538812845281996e+00
-6.028882066134585216e+00
1.045284000667862756e+00
2.700984847405152323e-01
2.625030807379431508e+00
1.326051099898236885e+00
2.792533733852692990e+00
-6.162202076796859274e+00
5.627393291490335514e+00
-9.089849846062918459e-01
-3.201148532291625770e+00
-7.609340520057969570e+00
2.815905366412138733e+00
4.273110027282058354e+00
2.840342938268491935e+00
2.695450859663537813e+00
-4.682156453180439826e+00
8.226366171933761962e+00
-1.492855814892567423e+01
7.761299046754558617e+00
-2.444797542818662350e+00
1.618386262435521417e+00
-4.553225837529353726e+00
6.323408346293831528e+00
-2.210673053560384460e+00
-4.423869575865239767e+00
-7.633787390135751139e-01
7.999265574862874928e-01
1.218207811737670454e-01
-6.182439645584736354e-02
-3.631794175434734484e+00
8.474311254085250766e+00
-1.799190867725755538e+00
-2.577253010794336774e+00
-1.097625193793490439e+00
-6.144016053126790666e+00
6.708209651910237881e+00
-2.079227672887157041e+00
3.079479928994160787e+00
-2.993064979438315731e-01
-1.176859030974554798e+00
5.177882738306692545e+00
-9.822374288921054131e-01
-9.214790647048971550e-01
-3.745853655566733664e+00
6.615752202016267347e-01
-3.292965815445398903e-01
-6.731431749991116931e+00
6.628071767032210460e+00
5.631461936606342533e+00
5.613024025724243415e+00
5.406547725058885590e-03
-1.078606716662243059e+01
-8.524274588335501335e+00
2.656149984793927388e-01
1.773088001623221999e+00
4.781478682713895978e+00
2.022462182699285904e+00
-7.985931228845117857e-01
-2.480929495323508149e+00
7.242493551108751149e+00
-3.321849992989157840e+00
5.527602494686803425e+00
-2.442170638130875204e+00
-5.153116415904293035e+00
2.543670807011963575e+00
1.411559345863210524e+00
-4.363184039805503289e-01
-3.428917573620651638e+00
1.052708416821843684e+00
-1.044710527610803297e+00
7.890320151651764036e-01
8.352580678635987965e+00
-6.073017286760560296e+00
-7.861765008377105346e+00
7.955344568601105948e-01
4.250894059483499632e+00
9.467116275789493329e-01
5.770698777110908395e+00
-3.527438352082086226e+00
-5.225488314867391182e+00
-2.563100065771536151e+00
4.311638806111886879e+00
3.966607517012263884e+00
-7.189803933267668867e+00
5.481719280264414351e+00
2.251238471533270058e-01
-2.021435314908117675e+00
-1.123832621212855543e+00
-3.476038008398703028e+00
2.142803857220712871e+00
2.321234767261728393e+00
-1.344797782128694053e+00
-3.808911566288131212e+00
3.233305052402954516e+00
1.545851762298121912e+01
-4.021915994894769142e+00
-3.038127957922910127e+00
-1.307680095306906765e+00
-8.522767446131950919e+00
1.428936863722043427e+00
1.928698734928573799e+00
3.182842581253154890e+00
-3.921818085173924828e-01
-8.386950281749733449e+00
3.478558860782626994e+00
-2.159236677282478922e-01
-1.017275670683902433e+01
-1.315107762246881862e+00
4.899696772035497361e+00
5.030098229080977035e+00
2.526166567033385491e+00
-1.170417352965472446e+00
-1.305808737250855245e+01
-6.653526557471849401e-01
-1.147647718571322173e+01
4.291526093081031945e+00
9.267005165683357859e+00
5.911124653889757496e+00
-1.097909572172893888e+01
1.143310610168626340e+00
9.155561079156470328e+00
9.501262696774446681e+00
5.169167063245907912e+00
-1.284005981590210865e+01
5.503439048482050566e-04
9.862315143273576723e-01
6.344766777050395490e+00
-9.346163089620617370e+00
4.016776734780847846e+00
-3.885305914824499496e+00
2.989433144665753161e+00
-1.762296135550883491e+00
3.591450149616704834e+00
-9.101516570590121091e+00
5.277275266751601634e+00
-3.024988587373442783e+00
