-8.234986436439669433e+00
6.893393446798270929e+00
2.324398716227008777e+00
-3.268745837960523204e+00
6.531763241421089106e-01
1.240451990742073463e+00
-1.708405828610324306e-01
-1.635124350174478991e+00
-7.438364389530249809e-02
7.514259851384963440e-02
1.287276522594510197e+00
3.859544120630857833e-01
3.271535539190551845e+00
9.930617437694451155e-01
-2.722117791345823434e+00
9.933466419334706643e-01
-2.721944782521987349e+00
-2.883852908428963246e-01
-4.628797237880817761e+00
9.633830054378336172e-01
2.804357690289378979e+00
-7.739571037034380652e-01
1.649176244229593635e+00
8.031109870346142543e-02
-6.718245204063975962e+00
4.026777661605819958e+00
2.996563379159695728e+00
5.200533318613906886e-01
6.180231476272552982e-01
-1.363777723176866630e+00
1.237608342228284641e+00
1.237742386867225264e+00
-1.194284900382939441e+00
1.443976536880882122e+00
-1.524437318662791085e+00
-1.524411001142084388e+00
4.613046570122662615e+00
-4.269656743434083523e+00
4.622915865223973242e-01
-3.172260970083570442e+00
1.932680468776553084e+00
-3.123393100126605759e-01
-2.450193358785526243e-01
3.250026402208263221e+00
-5.099951096356761582e+00
1.309585982213235411e+00
1.494449249832854321e-01
6.820600739063422679e-01
2.059411048878175166e+00
2.059474567860220873e+00
-5.013230941515757877e+00
-2.695962741486823688e-02
4.006236968486973637e-01
4.005684217664935431e-01
-1.369102500541572454e-01
3.159632988996179392e-01
9.083042584149438881e-01
-1.891597733535334669e+00
-2.433225095566342588e-01
8.951111111300491530e-01
-1.534358167856339605e+00
-3.216266244453436229e-02
1.340581413537321964e+00
6.050765089737808466e-01
3.347211314469831223e-01
-7.349143225621759257e-01
7.054597039549847182e+00
-3.752430406874736946e+00
-4.157769498950003140e+00
-4.549509656285280812e+00
2.189011007248026885e+00
3.242530744507035934e+00
-1.709610945325152898e-01
-1.635242112900854750e+00
-7.419976239219749914e-02
7.493729937279169917e-02
1.287670764397105927e+00
3.858064123452606964e-01
-1.371083271826634586e+00
-1.400883181622702978e-02
5.903573083038367031e-01
4.135037254522160310e-01
3.022239924144400902e-01
4.222782404021074854e-02
-3.303414083214363473e+00
-3.303430684305951104e+00
4.492470388365831013e+00
2.252273883752650363e+00
-1.207828815595348715e-01
-1.202093962379962022e-01
-6.718096995788471304e+00
4.026895265830802373e+00
2.996624076992091545e+00
5.201440785152726676e-01
6.177113059244874194e-01
-1.363883082158622528e+00
-5.663831097300075612e+00
2.903556738321881880e+00
2.083885700223930826e+00
1.644383408991643591e+00
-2.006671158151220880e-01
-1.029526873912942619e+00
1.250250481444922457e+00
2.716227321581428100e+00
-2.352353970937613781e+00
2.716616958238617485e+00
-2.352297388084195973e+00
-2.705263911773641894e+00
-2.447380243190906413e-01
3.249999930772332846e+00
-5.100111717619071783e+00
1.309449210523553120e+00
1.494504432070158373e-01
6.820970130907539897e-01
-7.614817775497883190e+00
3.454210026487999130e+00
3.742772812055036979e+00
1.124214704604128201e+00
7.651327003505343782e-01
-1.388753943997642182e+00
-5.977366848815449885e+00
2.430202862899790262e+00
2.429732440576458430e+00
1.226222269985328239e+00
1.226299430351843966e+00
-1.498146348959821239e+00
-1.534463432443217812e+00
-3.204140730170479401e-02
1.340805189650154716e+00
6.049427415615014070e-01
3.348879233264909772e-01
-7.351892625787286306e-01
7.054686367498916866e+00
-3.752345204872327145e+00
-4.157747646068642666e+00
-4.549569308496600684e+00
2.188905273456541067e+00
3.242517578806328515e+00
-8.234857338857850095e+00
6.893335871664305614e+00
2.324107345920921830e+00
-3.268723897265132905e+00
6.535645288062568170e-01
1.240335328694698092e+00
2.653361809328060872e-01
3.690447093673583367e-01
-2.907920985824290483e-01
3.692467277241604506e-01
-2.906024214005356043e-01
-4.807320560286711952e-01
-1.371059926127003337e+00
-1.419196105233311300e-02
5.903862112947138030e-01
4.134819599445904714e-01
3.021798855805570838e-01
4.242021202259138590e-02
-4.628497903239363609e+00
9.633978022803120211e-01
2.804449753907178433e+00
-7.743660594447590029e-01
1.649165279265929485e+00
8.031894323528376844e-02
-6.853310290406966487e-02
-5.310700272081447793e-01
-5.309503605947156757e-01
6.489227511967072815e-01
6.491645260422131969e-01
-2.351511074978702709e-01
-5.663978424574764858e+00
2.903737451841649886e+00
2.083971464928268347e+00
1.644270716971306001e+00
-2.005815669657096123e-01
-1.029627883976445446e+00
4.612601605760119128e+00
-4.269513292934917104e+00
4.624390481970692690e-01
-3.172335127454289250e+00
1.932824493741321703e+00
-3.122321403968157938e-01
8.259696619210785684e-01
-8.805679695050514511e-01
4.216176171110674886e-01
-8.802737918583858345e-01
4.217034740707816809e-01
1.223007232218975560e-01
-7.614994250395767494e+00
3.454226981759660475e+00
3.742738837160473508e+00
1.124336298171286330e+00
7.650187984284855247e-01
-1.388584553756004425e+00
-1.370458518465511588e-01
3.161456030280476170e-01
9.083788307265763251e-01
-1.891675342402862725e+00
-2.431707271251326574e-01
8.949089833291168361e-01
-5.185898055107998061e-01
-5.182180314939301979e-01
3.899242441164858519e-01
3.839482021651008381e-02
3.256874188271723369e-01
3.256469316589232221e-01
