-6.985344530386639050e-02
-2.911734124684706160e-02
-1.081868998147350602e-02
1.501273336455710705e-02
-1.869711093804604651e-02
-5.942872119688136223e-03
-2.608130383379148043e-03
-2.422921579215309151e-03
-2.164803694395089906e-02
-2.164742561113452979e-02
1.272240105698485557e-02
5.188231132842391347e-03
-4.233086361457538693e-02
-1.375488423249859871e-02
1.375990226160084262e-05
-1.036467475156843676e-03
-7.342596618727981195e-02
-2.917763650320059909e-02
2.457668966348247608e-03
2.308503958915486542e-02
-2.761929744801161490e-04
3.726518726170358065e-04
3.728475289628274680e-04
3.552864138476197198e-02
-3.299640075615428714e-02
-1.937152430888744448e-02
-2.539799886102156457e-02
7.790217879561911474e-03
-3.801777051966759302e-02
-1.468377126913722464e-03
-1.358916460132397752e-02
1.708991866939957305e-04
-2.023300286050866426e-02
-5.482052236204015827e-03
-5.481151228172720380e-03
1.437482433819958771e-02
-8.914555460453943425e-03
-1.769591797932101862e-02
-2.949078271946126151e-03
-1.438601954719898046e-03
-1.758717755413941042e-02
-2.829867948119280108e-02
-8.333372969291152899e-03
-2.984752992770234314e-03
-6.870952834512822349e-02
-1.293037688746756508e-02
8.396976018898438809e-04
3.404136046972316976e-03
-1.869706514422619925e-02
-5.942853943217363266e-03
-2.607671168914915683e-03
-2.422732450309883490e-03
-1.961812577630728249e-02
-2.205661341881026694e-02
-8.259011753090073071e-03
-3.314017585342332595e-03
-6.927271476849261589e-02
-7.934064006627217225e-04
-7.929612948405218020e-04
2.540049173912906078e-02
-7.342490104406973472e-02
-2.917736183491204116e-02
2.457288035420335248e-03
2.308542255394274711e-02
-5.846841720183970637e-02
-2.039642067487235089e-02
8.437839834648963588e-03
9.114561853478253539e-03
4.585675314908943534e-03
4.586672632397981175e-03
6.880313953335548405e-03
4.266863847168167467e-02
-3.801749198341375369e-02
-1.467781544768120838e-03
-1.358902922752758258e-02
1.702605079767494090e-04
-6.063555488576422015e-02
-3.370370540378697655e-02
1.807635797837159330e-02
7.959113056614564030e-03
-5.464356074541676378e-02
-6.752902684026285129e-03
1.155275446849390875e-02
1.155338269249739369e-02
-1.758811042809882430e-02
-2.829827685245178692e-02
-8.333434455922050788e-03
-2.984196389351545520e-03
-6.871033772672952011e-02
-1.293037417301312608e-02
8.381117854650010912e-04
3.403568233338649662e-03
-6.985446261689931546e-02
-2.911693376739488137e-02
-1.081928381900665315e-02
1.501301857384618188e-02
-2.061001282330332529e-03
-2.060694722440192805e-03
1.661584995003684284e-03
-1.687447813192965995e-03
-1.961893903156153307e-02
-2.205679589316167366e-02
-8.258823305151707928e-03
-3.314417947806624909e-03
-4.233051782674990271e-02
-1.375506169246687449e-02
1.404046407005310471e-05
-1.036584951562780077e-03
-1.216379440145365365e-02
3.626218178783391366e-03
4.738918604428432602e-03
4.739258545464641870e-03
-5.846878976998137745e-02
-2.039652402058167446e-02
8.437103465810835701e-03
9.113311489522768483e-03
-3.299765993758074778e-02
-1.937226705881589517e-02
-2.539839531844445553e-02
7.789874129348284271e-03
-3.555760642731442545e-03
-3.554939857228323064e-03
5.115493606255405723e-03
-4.828020167755520120e-03
-6.063627998254972340e-02
-3.370453931771244527e-02
1.807668587111965763e-02
7.958534427751740026e-03
-8.914191097717294454e-03
-1.769567282179740353e-02
-2.949239515670720735e-03
-1.437997045535821528e-03
-5.260836055941187084e-03
-4.898042843786143408e-03
-4.897958332680918403e-03
7.707085104552646726e-03
