-8.683127181316363519e-03
-1.661142394553905000e-02
2.269224408118386549e-03
5.541963129248816955e-03
-1.860472845658200924e-02
-1.852760106884998592e-02
-1.700213272820305654e-02
-3.708756243626432081e-03
-2.861721416673401741e-02
-8.676000968554031800e-03
-2.586635702172657147e-03
-6.031471406507060706e-03
-8.131726189268495553e-02
-4.027273701723355082e-02
8.699262396191453917e-03
2.370931844135992783e-02
-2.564288527500080406e-02
-8.552130306074268162e-03
-3.608260520131079119e-03
-6.650088489290606475e-03
-3.833946437631241544e-02
-3.394284488943477562e-02
-8.246007712497505082e-03
-7.054655622516170510e-03
-1.899574878695942104e-02
-1.789291454477748289e-02
-1.392605195267626605e-02
1.323697142432189722e-02
-5.253458011347089673e-02
-3.146752523058116147e-02
-1.319169396432551267e-02
1.662476002976376321e-02
-2.142214448625323620e-02
-1.198092568348796405e-02
1.699241455480393626e-03
3.816773488011682147e-03
-3.604670548324784285e-02
-1.970461907885079356e-02
-4.402950644092573640e-03
6.736692213191286527e-03
-9.281949794556765276e-02
-3.294720930964833983e-02
1.638398160736165288e-02
2.983563412440681795e-02
-1.289504409275243901e-02
-1.843345589626732561e-02
-5.277551507818500909e-03
1.300415494027706842e-02
-1.853575044420519013e-02
-2.866918141920304919e-02
9.852599361213076889e-04
4.029022487995748136e-03
-7.580400749935556348e-02
3.089107379672384468e-04
5.067579470825478438e-04
1.932937213873642257e-02
-8.321929938149508210e-02
-7.172615767382217733e-02
-6.772949094236713208e-02
5.856665714798925393e-02
-5.655779160359086788e-02
-2.000650350191968130e-02
8.934956629848445075e-03
2.488126040163352037e-02
1.361825604356381447e-03
7.344243101059744205e-03
-3.321959914450722806e-04
1.654099759804261716e-02
-2.127974145089717162e-02
-2.751324153380196869e-02
-4.693425048417854129e-03
1.184305840581934000e-02
-8.083894319573547982e-02
-3.782035391754545728e-02
2.279167280479166280e-03
1.894943216797817520e-02
-5.892198239805712667e-02
-2.837834746977918599e-02
-6.379743576770069424e-03
2.035327715565382611e-02
-6.368949806742651987e-02
-2.670199302866871349e-02
-1.433488594704890318e-02
1.542040284190471233e-02
-8.216320700774470964e-02
-3.394728885391273820e-03
6.848799608374367409e-03
2.136342041576022588e-02
-1.858530175495309855e-02
-1.217777934152564079e-02
-1.857542140996693014e-02
2.039020601260110865e-02
-6.294294726317839483e-02
-2.558704296269032064e-02
-3.615773801064925408e-03
-2.487395205477582749e-03
-6.083611799193855418e-02
-2.434427710459718952e-02
-2.945208188336101429e-03
2.189189302163230266e-02
-7.338297101706392489e-02
-5.463236727685027994e-02
6.915650634227388238e-03
3.079529996147112314e-02
-6.393754318381894564e-02
-3.813346979052778529e-02
-1.150800384165173718e-02
3.258952170387185987e-03
-2.795338785556178429e-02
6.626273510159874647e-03
3.796734391901646077e-03
2.387639700972288281e-02
-1.567672171748668575e-02
6.530110484659346071e-05
-1.151116429419141163e-02
8.006108586544602446e-03
-1.358307631797073256e-01
-2.930126290531465116e-02
-2.551012726067236613e-02
3.372359222630239017e-02
-3.624680742504193809e-02
-1.264210014376709879e-02
-1.628204570148339414e-03
1.250768724358186645e-02
-1.379529693716086136e-01
9.400048129509119832e-03
9.497818303771499160e-03
4.504970587596091036e-02
