-7.856349526893922075e-01
1.805317110133913161e+00
-4.990909230890849813e-01
-9.521541045993302532e-01
-6.297426705499873378e-01
9.074759536718062236e-01
1.597043744181291913e+00
-3.933278173127092714e-01
1.461622504723777638e+00
-4.112672432907231723e-01
-3.678208046448929736e-01
-2.106292349479190307e+00
-1.068304584196667406e+00
-2.187003568216525196e+00
2.349396286724811489e+00
1.377363934315667393e-02
7.949982903161156855e-01
1.924789950284662154e-01
-7.009960806123444854e+00
4.073835282222518117e+00
3.432402386122063831e+00
5.871162042771516099e-02
1.337586433058760349e+00
-1.818695071117588213e+00
1.000141198551929733e+00
1.794520682190409389e+00
-8.751067473063173452e+00
-8.256313466558964365e-01
3.440787772149974444e+00
3.125407092671906639e+00
-1.495376979578736609e+00
-8.500412402989496741e-01
3.017919495659882045e+00
-1.958016700394423992e+00
-5.450963270228612600e-01
1.482181430314156501e+00
-2.085637284878444575e+00
2.896236022741391025e+00
-1.461566847274298198e-01
2.384422391505083283e+00
-3.676286680357733871e+00
6.532160845227679147e-01
-8.389475601797357740e+00
3.733398458794496833e+00
9.776873855955727777e-01
2.469649443784248888e+00
2.298598402677242802e+00
-1.033605881034461049e+00
3.824103044044306898e-01
2.165816230544606924e+00
-1.400562630326362523e+00
-4.037657725737631154e-01
-1.310874112787118406e+00
4.525059895870384707e-01
-1.132865896696671371e+00
1.297665396082152256e+00
2.292626416172254267e-01
-7.841642250290448146e-01
3.683833928368329680e-01
3.303208641152366454e-02
-1.311002024319182624e+01
5.168295276392910864e+00
4.624121239055810406e+00
2.291886172967835478e+00
3.678445686536704784e+00
-2.415708486200784932e+00
-1.612578330803273730e-01
1.386369552214105738e+00
9.980666602309895552e-01
2.250876112489521574e-01
-1.501189760030584353e+00
-1.054942893121008751e+00
-7.904514627200853738e-01
-1.039539947383730123e+00
9.012360871731459611e-01
1.004796685584437910e+00
4.701185961137639424e-01
-5.151607822910477807e-01
-3.873513329718619502e+00
-3.950959822472896121e+00
6.325093047382395639e+00
1.705084356531401113e+00
4.308346109884126918e-01
-7.592388679990733635e-01
-4.158942926850528465e+00
6.357687195684647463e+00
7.653114295872427419e-01
-4.266117859369884968e+00
4.676115866459440440e-03
1.044999287259585685e+00
-7.427584726183283692e+00
3.500849937488084151e+00
2.987830068784063542e+00
1.303894554061855615e+00
6.995804566258527757e-01
-1.402172047984052483e+00
1.088019596591223603e+00
-4.018991053920828449e+00
3.551996527880220356e+00
-1.678232058191966303e+00
3.055455439213901059e+00
-2.922665354682806083e+00
3.616741539286138618e+00
-9.765803087104671931e-01
-4.668338843003411398e+00
1.275329806313948211e+00
5.479348119437617015e-01
2.741325404914789488e-01
-5.812785371876984186e+00
3.342551791563323604e+00
2.634769586142525100e+00
1.402733081279535554e+00
-4.046828632406658244e-01
-1.167388029609227829e+00
-6.587293934967277664e+00
4.175272875663651462e+00
2.488419004606129192e+00
2.613008032680482984e+00
9.294344769437969944e-01
-3.633165948278261226e+00
-1.475037494210766909e-01
2.115838376163154066e+00
-2.558126471460553830e+00
7.999801355283437942e-01
8.061700718973270341e-01
-1.084713918242997011e+00
6.506433232867252059e+00
-2.915150443571604910e+00
-2.468553073662064890e+00
1.880081715698153744e+00
-4.429425400670993440e+00
1.451590083242550122e+00
1.237940674329806257e+00
3.921301289405505486e-01
-7.987247484484498727e-01
-1.437486686394606750e-01
5.365030667633874373e-01
-1.302668600415543665e+00
-2.790887164758302674e+00
7.807240635680159357e-01
3.758698800678814678e-01
6.912646591437834331e-01
3.886921263847824548e-01
4.394011719785595460e-01
-1.830250227746049063e+00
-2.630535420612901021e+00
5.492701962031901530e+00
2.013335762417511887e+00
-1.505833567191416478e+00
-1.417666208582758713e+00
-5.400135130179634757e+00
4.245858576283936259e+00
2.121914709158787105e+00
3.023954111602947137e+00
-9.205753860953507228e-01
-3.144176015901663845e+00
-4.474359386567712704e+00
3.117093661912406333e+00
3.431846098216624341e+00
-7.410279942814312903e+00
4.461775174243356901e+00
1.750432799086354407e-02
2.263392158050521630e+00
-3.850935853591707314e+00
4.411707057562225032e+00
-2.192732364352821151e+00
2.844320506315298758e+00
-4.784025375744775488e+00
4.098653659092121870e-01
2.508782573264340954e+00
-3.044377437751606408e+00
8.605038457049118961e-01
-8.930617945179477601e-01
2.135770587128291709e-01
-2.911594275118304154e+00
-4.083641015238413274e+00
6.372776634354238467e+00
1.646350769886694820e+00
-1.856213264482988734e-01
-6.283140625613441443e-01
2.130553349947575725e+00
1.510398420251220841e+00
-2.289295329123518741e+00
1.023840789844470578e+00
-1.828176700807674138e+00
-6.106782347498693753e-01
-7.158084546651622304e+00
2.690257125736451371e+00
-4.096100387222207928e-01
4.473648463107693374e+00
3.012600478075214028e+00
-2.840421146653483220e+00
