-1.915281833879545204e-02
-1.752035818385611066e-02
-1.536274714812213560e-03
7.770852885528700682e-03
-6.419013903042425362e-02
-1.341642429228784295e-02
-9.506287158049353536e-03
3.151479716057581371e-02
-3.565753667644644409e-02
-1.968900290857011903e-02
-3.847491505951206037e-03
2.132953361534961623e-02
-4.449436112242688424e-03
-3.246908504698220455e-03
4.244160422017806411e-05
-1.862503148211125392e-04
-1.250954608659582412e-02
-9.189030269921572014e-03
1.812495731017715883e-03
-6.786773997311978945e-03
-7.208333501292907286e-02
-6.457206936138160103e-03
-6.718305993337558846e-03
1.642123935028605430e-02
-3.130587169165433004e-02
-1.310402017592871005e-02
-4.062552899044558075e-03
2.384174678294481708e-02
-1.690900143783924392e-03
7.036747351835792585e-03
1.349294957934854544e-02
4.446826019620875314e-03
-5.189847008095371805e-02
-3.626279018502032159e-02
3.238845140223656216e-03
1.901725073508186981e-02
-4.837748933234031767e-02
-1.208326416217908594e-02
6.586058262824989740e-03
3.452679656583157453e-02
-5.148765913214425893e-02
5.573284941413625404e-03
1.198337460985854364e-02
1.203146716719216691e-02
-6.504936601437738553e-02
-2.849131811044913754e-02
6.559048557137847624e-03
3.392676216980250459e-02
-5.222178762694928977e-02
-4.527955446896703151e-02
6.723053444550597391e-03
2.235662474186339566e-02
1.031416234071880211e-04
-4.331204348498207679e-03
1.226141902154909147e-02
1.479030381806767380e-02
-1.984985209037426479e-02
-4.262978582043830400e-03
-1.814837457731366399e-03
2.653879683189863670e-04
-6.298968355041512091e-02
-1.421237700938626780e-02
1.080974446921101340e-02
1.537211803256144371e-02
-6.933987952989073555e-02
1.523986814853994787e-03
-8.705892317006913572e-03
1.480709312201722305e-02
-2.981740429034007711e-02
-1.302764364371955530e-02
-5.676517214128651290e-03
2.824537023177398076e-02
-6.079448430041489715e-02
1.287885535297350614e-03
1.378271279652132364e-02
1.384054971475823237e-02
-3.664005049778751300e-02
-2.146973093613491201e-02
-1.242537770584228873e-02
9.670090421465271646e-04
-1.644781386492888409e-02
-2.566394939860994207e-02
5.222383680082209878e-03
1.317577657480906161e-02
-1.529906013693116407e-02
-5.622950302974771830e-03
2.148499064268616365e-03
8.197777556950391897e-03
-2.315298343164906569e-02
-1.803377758684265864e-02
-5.693849162571318345e-03
2.060799902566867736e-02
-7.677047022120264685e-02
-2.379611780388590780e-02
-7.071185038504790299e-03
6.776223888237176141e-03
-4.761251359044726961e-02
-2.486379590587262101e-02
-4.095490873418317079e-03
3.898895573188432273e-02
-9.522379790264823285e-03
-1.125412098309075404e-03
3.634296452912799680e-03
-6.263779844556394139e-03
-7.048162674631575086e-02
-1.364064854018831596e-02
-6.541424253815764089e-03
2.981822838090275596e-02
-6.529314088069115840e-03
-1.750651792866708689e-02
-1.043311687956904876e-03
2.781146325939531927e-02
-6.135828885387661913e-02
2.198879218822780146e-03
5.845458870030073584e-03
1.568283396770220328e-02
-6.353776862389226565e-02
-1.782409822980923764e-02
1.272866759323765251e-02
2.146057969388825981e-03
-2.660754148083532833e-02
-8.531241507016451564e-03
-1.402812575857548261e-02
6.693100984598521208e-03
-3.090220013003874833e-02
-1.622349260662603321e-02
1.425878347294240456e-03
2.677921734727672920e-02
