9.336187347037139261e-02
4.738352082054149150e-01
2.588516901085000654e-01
-1.284707911172233707e-01
-4.649790674457108253e-01
-2.617827400104602020e-01
-1.342851100995588354e+00
3.715826798501325356e+00
5.977472708437403526e-02
2.327435372557289384e-01
-1.339755540891246710e+00
-1.558908967095490539e+00
-2.393250888621452077e+00
1.511904907308974089e+00
1.406649082734631406e+00
3.040894891614698281e-02
-1.789068495225620836e-01
-5.243524945772577439e-01
-2.093118851712461037e-01
5.834705640409225680e-01
-5.608122291478139232e-01
-6.872229529087121591e-01
5.441621964786520493e-01
3.484735479599549990e-01
2.007037943216388953e+00
2.449304649890180485e+00
-3.736751504993947037e+00
1.502094783243890674e+00
8.890526953841231261e-01
-3.726907987763681263e+00
-3.169622627003988669e+00
3.322767149707701151e+00
2.717488649532484146e+00
5.808300275014062208e-01
-2.666550376575514747e+00
-8.084643611535824448e-01
6.431676299794446550e-01
9.617741869560063606e-01
-8.497121956791318098e-01
1.011728082081020830e+00
-1.193831302835704378e+00
-5.790373875261849435e-01
4.346844340899593817e-01
1.092742110537017197e+00
-1.072730196777769152e-01
8.312090258022806211e-01
-8.839024519201927887e-01
-1.531154747388569604e+00
7.714883086080988051e-01
-2.799662815286751538e+00
2.556015756067708367e+00
2.436052126610519508e+00
-2.111789946725309619e+00
-7.384805804528298268e-01
-1.055922479904467082e+00
1.954171657137891316e+00
3.849485081720587232e-01
1.253922767927178938e+00
-6.135994046048978134e-01
-1.958550440277591065e+00
3.405872758835243985e+00
-1.694989948103113875e+00
-1.666474192615154948e+00
-1.486429816572325535e-01
-2.161601985663565983e-01
2.954054878350120816e-01
-8.351034433127182410e-01
3.349629975282994110e+00
1.599423537816591079e-01
5.656630109356797220e-02
-1.129054484399475200e+00
-1.815932935477832189e+00
-1.004279661898863196e+00
-2.925258566116752945e+00
1.494964291363601205e+00
2.170140975290266283e+00
1.101851269582795112e+00
-9.625719574260642730e-01
-6.026110135105398058e-01
1.264075653086166540e+00
1.029367370622935596e+00
-1.279986162234465041e+00
-1.112968855020000092e+00
4.945806004583062077e-01
7.437332279350101771e-01
-9.693538946374928855e-01
1.464555444030963827e-01
7.532195528360716708e-01
-5.027956483214950367e-01
-1.761547704724506502e-01
-2.242644383535079555e+00
1.830383232620491185e+00
2.220888421479500607e+00
-5.429753898141740365e-01
-2.489034349712824223e-01
-1.006468069754646422e+00
1.332685186906843455e+00
-1.438822184526742376e+00
2.907191691723710392e+00
4.628073374938423967e-01
-3.039933732937271316e+00
-2.841352112623951598e-01
6.585932266324192597e-01
9.960186173852889624e-01
-9.178475219049602174e-01
1.871526115573232119e-01
-3.491530461443943523e-01
-5.579305734838584385e-01
-1.535548372026894981e+00
-1.391860402510999961e+00
3.458094936404307873e+00
6.492838756041123816e-01
-6.413458644086205140e-01
-5.146327169975251081e-01
1.108612700212418645e+00
2.317385090119799429e+00
-5.774811667184195585e+00
1.067718487978723374e+00
1.217452431115546574e+00
5.905492714376237018e-02
1.266893496776333450e-01
4.804858788462240682e-02
5.137437487258864621e-01
-1.794268329670813955e-01
-2.825394480597083202e-01
-2.455886844359298493e-01
5.841684251261369809e-02
6.808414525157502339e-02
-1.504102510037483853e-01
-1.961300389404527778e-01
4.300348285878499155e-01
-2.067596535404305769e-01
2.085536369512666965e+00
1.426254226529351854e+00
-1.582297210049631531e+00
4.759569928119162796e-01
-1.832103862185149978e+00
-9.043792250456306192e-01
-5.825962039756404920e-01
-8.093878053685443774e-01
5.925096742376183556e-01
1.812791683996280767e+00
-1.396587282621425175e+00
4.551111706844892524e-01
-1.209210226719335424e+00
1.889803745400286061e+00
6.869435200348306125e-01
7.722917135247513443e-01
-7.832809955799007184e-01
-1.432147670301958442e+00
6.295845160517501427e-01
-2.022705750804050240e-01
5.166122546932996329e-01
-5.255489583911554519e-01
-3.223656327318735748e-02
-3.906311208746160446e-01
-1.310227074414072490e+00
3.518692140648994382e+00
4.413840012242076227e-01
6.366807295300276337e-01
-1.117040743580162143e+00
-2.393877341402500747e+00
9.461942922925885568e-01
3.447338957621894906e-01
-4.827183760118884948e-01
8.917514195135964883e-01
-8.744542804740973452e-01
-8.074069188264587638e-01
-2.285342187386035562e+00
3.328679511511495548e+00
-1.805892167804017845e+00
-1.424095880375375600e-02
7.645287175108990141e-01
-4.674319378057134600e-02
-6.576584947069363807e-01
3.719091485971460997e+00
-1.268316302241146332e+00
6.939938978225654864e-01
1.142052387945909686e+00
-3.865005276360548692e+00
-3.998455358285184502e-01
1.194112763422694456e+00
1.353697022332099209e+00
5.988960813703698705e-01
-2.369700584658204434e+00
-3.579756483441514092e-01
5.276526254605471422e-01
8.313750211202943774e-01
-9.126953126645958037e-01
8.696366046959127516e-01
-7.830776014201745738e-01
-5.416118168979124903e-01
