-1.015114220121642319e-01
-5.415210138865411693e-02
-3.048158603141537526e-02
3.055438202454507923e-02
-8.497357500942470665e-02
-5.117789795352356563e-02
-9.528850041866876452e-03
1.395640105915973983e-02
-8.691618306325632481e-02
-2.776567577770405748e-02
-1.403202474801035216e-02
1.495334491581123970e-03
-2.152201366271611072e-02
-2.517249349119365931e-02
4.312889407447340062e-03
4.355398651556030565e-02
-6.082053837248047046e-02
-1.593489830975625132e-02
-5.861787884578362195e-03
-1.447037168524500927e-02
-7.533176311692013627e-02
-5.109274456723356117e-02
-6.009855982095380078e-02
8.758195463243856338e-03
-1.546660311175871438e-01
-3.646841623842700386e-02
-6.476335084580453483e-03
-1.321329656960457122e-02
-1.032770222968928397e-01
-3.091521654785167605e-02
-7.062371733649985828e-03
-9.084468866285888566e-03
-5.135888792706033712e-02
-2.916394832829483086e-02
-3.213622736574217598e-02
-8.190296886567027812e-03
-6.454835857597496229e-02
-1.161141596218806527e-02
-2.324522633169801011e-02
1.609036900897420352e-03
-1.312449841484777391e-01
-2.964766792886530666e-02
-4.026432036528726499e-02
-1.328911865533677350e-02
-5.798287039191252212e-02
-5.564798531952908078e-03
7.154687412066929042e-03
3.576923971181944495e-02
-9.836933336349962254e-02
-1.716274894194791401e-03
9.624625760612293135e-03
1.282203452441188496e-02
-1.484687878998101063e-01
-5.046116195853977970e-02
-8.848937263418399368e-03
2.869854366439561488e-02
-5.165691532737670677e-02
-3.975871887424342610e-02
-4.109986675205035134e-02
2.963943312886074821e-03
-1.480451772218596140e-01
-6.800016108018769323e-02
-3.238797184063058054e-02
8.988683210228098908e-02
-6.529292748839132798e-02
-2.939583472303053391e-02
1.989144122067632026e-02
2.439161721379634606e-02
-3.559098624835610458e-02
-1.767771648911597993e-02
9.226676946211709307e-03
7.271614592404329613e-03
-1.132882415206180049e-01
-5.573455206223898450e-02
-2.851665564221494975e-02
-4.122133696458085694e-04
-9.471231926804501988e-02
-5.041215045963198804e-02
-1.328235538126221194e-02
4.590432914043418577e-02
-5.580260417464022460e-02
-1.627600958851194157e-02
-1.433319196653615180e-02
-7.500295777307597334e-03
-9.678525936069193314e-02
-4.268517569944219048e-02
-3.776872417157739470e-02
7.220785663387019326e-03
-1.159164927152107616e-01
-6.591821909630746212e-02
-3.835740274202925626e-02
-1.662407041296121157e-02
-1.106487699022964399e-01
-4.719033515949289104e-02
7.261457950875627176e-04
2.375950854034458715e-02
-3.219045605432135915e-02
-3.464435209020000350e-02
-2.097304142387934611e-02
-1.477460954551945704e-02
-1.060457960397251931e-01
-9.651719422283266958e-02
-4.580111890760862892e-02
9.165721377761948396e-02
-8.564763930697405492e-02
-5.618789329937556865e-02
-4.722897489532140725e-02
-1.363809314047403909e-02
-8.178009748436587678e-02
-3.646494882477679944e-02
-3.758924486613435256e-02
3.668407954312602470e-02
