-6.473236756805661685e+00
3.818191170973364024e-01
6.087554430679745110e+00
1.440326491425850008e+00
1.465468373567262006e+00
-2.884725722305873319e+00
-2.869291287356318776e+00
-2.460943229416869826e-01
-1.130918543860516934e+00
4.290906439395740790e-01
2.334574036430126398e+00
1.157855009200801533e+00
4.376064431074155436e+00
3.292193502193370591e+00
-7.627247181800314024e+00
1.166136397808813285e+00
-2.507163956074691669e-01
-1.287996831428046107e+00
-2.304910129214050585e-01
3.677788840924947067e+00
-1.561456865781138958e-01
-1.559466916826437455e+00
-2.866684311842021771e+00
6.964382558507793419e-01
4.881167773907606033e+00
-3.863789212082011204e+00
-1.131842175425290975e+00
2.483641750977255924e+00
-1.499100242265555494e+00
-1.235666793351342108e+00
-9.066064053427425051e+00
6.147953233914250859e+00
-1.407007907698698546e-02
1.323511161702995764e+00
1.429687170056098466e+00
2.309216902261823634e-01
-3.169374459685997181e+00
-4.591494401029905248e+00
7.145521322009599885e+00
-1.276694277401716704e+00
2.150325421692599548e+00
-3.292676846389781531e-01
-7.133728115188986862e+00
7.456367438387559332e+00
-9.360519202016632789e-01
3.337930884918975494e+00
-8.909849608160982370e-01
-2.288642336243114528e+00
4.949781693136003469e+00
-1.899566212692931799e+00
-2.432822553339093474e+00
-1.477411096422784453e+00
1.860971667471190472e+00
-1.452262237819951451e+00
-3.326699128449774889e-01
2.482780752412921288e+00
9.354548206971315949e-01
-7.870220917774872760e-01
-3.092585489064717308e+00
7.539882506417825425e-01
8.695269773919008571e+00
-4.939805120883477230e+00
-4.354837463259116248e+00
-6.282040306115646899e+00
3.253777878602349460e+00
3.084891748258428379e+00
-7.173229582720097142e+00
-6.648428719825432154e+00
-6.290976849166767693e+00
7.199479393254804904e+00
5.035449919000598129e+00
4.028704129349407026e+00
6.220722620206259990e+00
-2.782540161603037632e+00
-3.198413194188546527e+00
-2.900390607903631235e-01
4.297166022768266203e-01
-5.538328870308362184e-01
-5.885168920425215333e+00
-3.737038337722637493e+00
8.537601405818762146e+00
1.073626250932051107e+00
5.887140934146373183e-01
-9.577686692127400647e-01
5.629684360439597413e-01
-3.260770543996599713e+00
2.832149982480387962e+00
-2.458749975023124534e+00
2.110623285583372422e+00
-3.721689986249572257e-01
2.771171227964856598e+00
-5.784830103756348763e+00
-1.632604688799133896e+00
-3.552736280710220740e+00
3.205812438360098326e+00
4.514371008856016942e+00
-6.709585835502153373e+00
3.724354304813047634e+00
3.953646429440198062e+00
-2.843525952504819543e-01
-3.415020938616919466e-01
-9.501777643260709283e-01
1.661544545031361508e+00
5.750856015472479044e+00
-3.289763995216787862e+00
1.019006761791558802e-01
-7.309330308799104614e-01
-4.325273411086641318e+00
8.086111505195560767e+00
-6.211138619400443872e+00
5.341793915461579445e+00
-5.025847750280860282e+00
-5.712333615393120567e+00
3.227124032158968703e+00
-1.305120025260116279e+01
5.869538406072663861e+00
4.082643389942717249e+00
4.253782756632645601e+00
2.165681287545211831e+00
-2.969427334371047777e+00
-2.997104994899586927e+00
-4.643711952984574509e+00
-3.329537282540073306e+00
3.136610964809577240e+00
3.831744198020075487e+00
2.635944793824549492e+00
-3.068216464436702040e+00
-1.946894022828118409e+00
7.251569383018164672e+00
-9.038989316931846929e+00
3.055345257354460387e+00
2.560062771405313242e+00
9.815235338220020367e+00
7.338677250837974952e-01
-5.966187632487034875e+00
1.510834811534522260e+00
-7.006129294927347928e+00
2.600189462650774885e-01
-8.176037297945427440e+00
8.266571841751186867e-01
6.873811097524793468e+00
8.549256026395539720e-01
2.480822478472276771e+00
-2.913330478321114470e+00
-3.169974537380170432e+00
-1.345285812367222888e+00
1.700398936623955137e+00
2.240156442120166957e-02
-1.434204321812941885e+00
3.781842398339378519e+00
1.101305074182477028e+00
-3.018618057291533319e+00
5.617308653420707287e+00
-1.436341648351913136e-01
-5.997896171718622327e+00
2.157499763620592148e+00
9.888434897604341245e+00
-8.352217533935046845e+00
-3.420606534793080300e-02
6.524619641806481241e+00
-9.130795010162529479e+00
6.870869056805304353e-01
-7.260062472750021811e+00
4.408998935024584398e+00
3.432930422366368362e+00
1.538643366769591125e+00
-1.249823799824227422e+00
-8.495393134768107757e-01
