-7.873975084982776096e-03
-5.893583755517850520e-03
-1.658071996800680736e-03
1.635366997946086087e-03
-1.004328040638102770e-02
-1.693944008497472176e-02
-4.908320732619486648e-04
2.699530226342616857e-03
-1.445143714720331651e-02
-4.299500549502788260e-04
5.258184805741805690e-03
1.092355228320096572e-02
-4.571941296536818911e-03
-3.866571844672428426e-03
5.059310418683349297e-03
3.753541423323625281e-03
-8.043489770597878064e-03
-5.435765478102982939e-03
-4.478976814656920880e-04
1.980484172744656490e-03
-1.449440113956912413e-02
-2.165870616923259995e-02
-7.216963308519730447e-03
7.741859191527478146e-03
-1.495158419761355439e-02
-6.369668657071336781e-04
4.785677522366249548e-03
1.100555256491575484e-02
-5.147423289009100955e-02
-9.456372385212796772e-03
1.136543388665334220e-02
8.948975243244561284e-03
-8.698739141100197969e-03
-5.022005464029088984e-03
-1.313824921167272564e-03
4.128249762305635784e-03
-1.732696821137147403e-02
-6.982641861036142927e-03
-9.118740969496608173e-03
1.592076395641184305e-02
-3.555407851258740592e-03
1.943025680700039004e-03
-9.091467798985064519e-03
7.375170484240189950e-03
-4.591716402068701797e-02
-1.335890042849396941e-02
7.835257904125425554e-03
9.025551832742007008e-03
-4.457547648257298434e-02
3.599996547217321208e-03
5.864303794549385884e-03
7.296925447612734317e-03
-1.150765775106421529e-02
-1.533437826583217145e-03
1.033220919041788477e-03
2.447152139031838480e-02
-7.383895299861720218e-03
-1.843739087830420509e-02
-1.339997601346398781e-03
3.597251798217948604e-02
-5.394961528623998248e-02
-3.902490545935277666e-03
7.189198721279987936e-03
8.638740824475688029e-03
-5.815224810284735923e-02
-1.105769565884218153e-02
6.736498460286677314e-03
3.656489540026086615e-02
-5.418124553510739183e-02
9.666392120016409351e-03
1.541173892342762031e-02
1.792549846642965683e-02
-2.121414843449698218e-02
-1.742569611805300234e-02
-3.491407714517391625e-03
2.609719827166512296e-02
-2.542441301558229227e-02
-2.186151260582036571e-02
-3.971509189295119313e-03
1.785073799212244516e-02
-5.621199002294408054e-02
2.331546271754803001e-03
4.606287435851896817e-03
4.781215413697315064e-02
-5.342547045101353476e-02
-1.227172393012709861e-02
7.539463318729122676e-03
3.442081264205554270e-02
-4.421686824792003812e-02
3.175973930673148260e-03
6.329096820055557515e-03
9.513001062530390683e-03
-1.693549341984867951e-02
-1.608356384347886525e-02
-2.146284435469270058e-02
1.832755069283975580e-02
-3.311654456456203377e-03
1.957239144443123635e-03
-8.622950204790091888e-03
7.519554018295071529e-03
-5.177053774059903191e-02
-9.223431475694265913e-03
1.077167695696124028e-02
9.605313783558111496e-03
-2.112455462176532350e-02
-1.587673566641023548e-02
-3.020810712748955851e-03
2.539585934613786122e-02
-1.638275497422769789e-02
-6.463776138659671489e-03
-1.018600263841573650e-02
1.640821729659402983e-02
-5.384551583176011569e-02
9.959534689220284065e-03
1.505564138780890460e-02
1.816097992363618907e-02
-5.488079727673955688e-02
-1.238053825249507689e-02
1.720633528429305059e-02
8.058610040040825595e-03
-8.533314529604707488e-03
-5.396553659161362759e-03
1.260434926058096039e-04
4.319238475247955122e-03
-7.737908848826302588e-03
-1.708277606421781947e-02
2.263784705113902618e-03
5.347656722326732393e-03
-1.016960339060490881e-02
-4.693347438046391318e-03
-1.282529709230084691e-02
3.286343008063186133e-02
-6.164900633557346410e-03
-5.179289008970799912e-03
3.365393389350934683e-03
-8.437184295078115071e-04
