7.161823151776474106e-01
5.595185941798916929e-01
-5.600534624154249741e-01
1.685252288864091952e-02
-4.172749322030000485e-01
-3.936148767726024289e-01
-1.989591432510877667e-01
-3.409923733664186329e-01
3.245238538819421592e-01
2.127376519078580941e-01
4.945888523162977890e-02
-4.386761473415390356e-02
9.752541735724236105e-01
6.106445962281696893e-01
8.953108224835659712e-02
-9.740828096240790046e-01
-2.124290189523492245e-01
-4.251647868022416787e-01
9.054200034741484160e-01
5.368380961978687083e-01
-5.276754333151103538e-01
5.585311832857513537e-01
-5.451624692057066568e-01
-1.062951628916877667e+00
8.821582476714127097e-01
5.812180986300745644e-01
-5.685223685183444786e-01
3.863192936718462533e-02
-4.681985933273580258e-01
-5.597780930327331816e-01
1.178409327983175103e+00
1.361112182283804373e+00
-1.736110055767611016e+00
7.337284031097937032e-01
-9.123124616374411744e-01
-6.395671337573247683e-01
9.294787486592497316e-01
6.534703762915796688e-01
1.115713594933964714e-01
-9.674331724564950719e-01
-2.144505955730124924e-01
-4.483465983756218520e-01
-2.695884143683585421e+00
2.069845253699938326e+00
1.904455517936810338e+00
-1.306450228827742421e-01
-2.152568047640102122e-01
-9.218492956301957975e-01
5.054230229816880637e-01
3.474039308586611696e-01
-3.801225825105802869e-01
3.707210402149172523e-01
-5.104368824923568582e-01
-4.065176321939674153e-01
1.143844455082557943e+00
1.407280908624485960e+00
-2.435412891516492095e+00
7.636053305204768549e-01
-5.599091914454845664e-01
-2.974276614561972565e-01
8.756586116550124643e-02
7.847292309873665772e-01
-5.253334734945980244e-01
4.558562188734072151e-01
-7.786749624622189003e-01
2.037896488343449164e-02
-2.568613971918736638e+00
2.156473143704943141e+00
1.320913511312454602e+00
2.773045114448535742e-01
-2.365867375298194020e-01
-9.564011079471015364e-01
2.210771531858057415e+00
1.653130269933598129e+00
-3.033880995560338079e+00
-2.348703894404735593e-01
-4.823374741784789421e-01
-3.799330006463321752e-01
2.357992707988714187e+00
1.183902255328348474e-01
-1.209025606757776927e+00
-4.549627955977655347e-01
6.703364450398510144e-01
-1.648184813971596441e+00
1.736995828924648322e+00
6.518640646445419407e-01
-2.054010719106827310e+00
1.212157215671865629e+00
-2.785885173873907661e-01
-1.234535480892205328e+00
-2.679239740714393747e+00
2.510649442414077726e+00
1.859316242771797079e+00
-7.080689002577855717e-02
-7.567872763428056260e-01
-9.020033881584765822e-01
3.969502934495253044e+00
2.840791669677102504e+00
-4.619365994755810334e+00
6.057498781013634925e-01
-1.862390733966932999e+00
-1.763181461782309611e+00
-9.937512123345442205e-01
-1.259556094982713148e+00
3.346684779948290611e+00
2.356097265346761560e-01
-5.109038535474041964e-01
-7.810896032785592524e-01
2.351764808027766662e+00
1.387594540393862985e+00
-1.874975592893505905e+00
1.305375081310515384e+00
-1.883189525967083000e+00
-1.756135180671151375e+00
8.892909768264161130e-01
1.759364946212230052e+00
-2.523273268773436939e+00
5.126649027378249457e-01
-3.710200179533558185e-01
-2.748189318282783233e-01
-2.150170467318304190e-01
4.460655670872583300e+00
-2.275656512343417148e+00
3.835864342727575149e-01
-8.649447382589556810e-01
-1.530392642235867129e+00
-2.553314790069777018e+00
2.196156936671584958e+00
1.712032570175026081e+00
5.202828120349067831e-02
-4.029846771998819577e-01
-1.013292179087855516e+00
2.003985726383874066e+00
2.046880153362039323e+00
-3.084187092584073753e+00
-4.837002278884909856e-01
-3.485204106971053761e-01
-3.893895796588111580e-01
1.074829716925464140e+00
1.333929539511856888e+00
-2.206944556651833977e+00
2.584345186075296397e-01
8.473497596168044765e-02
-5.303448102291810073e-01
1.154522155214010581e-01
8.089798211343719458e-01
-5.775661178931699169e-01
4.807851686026793914e-01
-7.758592569631730385e-01
-7.308319634887538996e-03
-2.667998983147555236e+00
2.038736203237561995e+00
1.904489686470654419e+00
-1.336285102501193478e-01
-2.182621862309588323e-01
-9.121594410198099467e-01
2.299925182853499450e+00
1.623725499088010338e+00
-1.934915417741834176e+00
1.219686414308796429e+00
-1.995537446223792699e+00
-1.695489536934545072e+00
1.158971838230840490e+00
1.336837467231774212e+00
-2.381562340265745092e+00
6.703640843937108684e-01
-4.510979641030274934e-01
-3.125048809211961043e-01
-9.264312167590560421e-01
-1.246201773487868536e+00
3.311119287604356032e+00
1.895328084238485644e-01
-5.331291978836247836e-01
-7.571725490055456476e-01
-2.268084751254463072e+00
2.127516452883014608e+00
1.888544774270258131e+00
-7.377501887292226002e-02
-2.661444066176841261e-01
-1.412456312309728901e+00
6.486237630081603811e-01
3.267411092050593879e-01
-3.643631270445979453e-01
4.407127687880034728e-01
-5.113323776843259338e-01
-6.281962635025877262e-01
-3.737507157848938277e-01
-1.752131748363296992e-01
5.256350019655826600e-01
2.185673868950743781e-03
-1.377021630421211285e-01
1.324184899580984620e-01
2.925160578098342512e-01
1.574914497641330513e+00
-8.713343078313613432e-01
1.041533388224650025e+00
-1.561821728769515971e+00
-4.365295856095059435e-01
6.651366994300218494e-01
2.565642683972129134e-01
-2.392652962419958840e-01
2.943148871346323858e-01
-2.820071223451350306e-01
-7.701012775408599964e-01
