-4.022483033959545651e+00
4.065926133631364792e+00
5.049534672738644758e-01
1.835030684807236412e+00
-1.296143024283907152e+00
-9.847327619821442113e-01
-6.505432016354262714e+00
3.464867950626413062e+00
3.503143525823077198e+00
2.937049381020102601e-01
8.728380791399246164e-01
-1.570563380358294125e+00
-3.193495029001979901e+00
-3.193647481365687213e+00
6.112865911715473999e+00
1.860465982470969948e+00
-7.861180566540468817e-01
-7.863325744380063043e-01
-3.647461120769875720e+00
4.752706169172739692e+00
-4.081255853907350684e-02
1.608843091651806390e+00
-3.016625474661651651e-01
-2.233112295223463661e+00
-3.833860787566706563e+00
6.472905880645257071e+00
3.038439707260749856e+00
-1.315195474638818496e+01
5.893037680761025854e+00
4.595403851209169943e-01
1.812054442454282821e+00
-1.963775633175970370e+00
2.928947437311819613e-01
-3.339826507492233532e+00
2.132102680294863717e+00
9.659687767143338988e-01
-8.060254373006756623e-01
9.054500482849050513e-01
8.967045507420436934e-01
-1.336897093806186376e-01
1.039948651917612210e+00
-1.847658654915136367e+00
4.758698149684050804e+00
4.758831419723520639e+00
-1.448305530216514114e+01
7.274904546804350502e-01
1.378969086237276542e+00
1.378972126916650609e+00
1.755407541389416792e+00
-2.261752199607172997e+00
6.247294755630150576e-02
-2.980797945188854214e+00
1.705463039565628947e+00
1.621838780283198389e+00
-4.679234127830682155e+00
-3.831521082222408836e+00
5.807266840605052494e+00
3.357279570971485327e+00
-1.044720871037924326e+00
2.938011967125930823e-01
-3.800266181142461619e+00
-3.800322970259628619e+00
3.291336936492186283e+00
2.929611447048472428e+00
5.416712110631465293e-01
5.415421128283242069e-01
1.811879431942372776e+00
-1.963569150003493746e+00
2.926174297598862495e-01
-3.339987395335853648e+00
2.132283596054605823e+00
9.661968989624654114e-01
-8.059083537272471176e-01
9.054433781736719311e-01
8.968033844689955458e-01
-1.336205543613573354e-01
1.040022058654855641e+00
-1.848002558434160392e+00
-1.780259470657767906e-01
-3.446648412375168391e+00
4.070850910685223312e+00
5.697682969402151798e+00
-6.549486085858163165e+00
5.938761354843649087e-01
-6.491472237086128416e+00
4.903481090189387714e+00
3.026582217229673688e+00
1.747050505763226624e+00
3.647649320903951775e-01
-3.330586578979279011e+00
-5.082288832526486999e+00
2.075325038259990151e+00
2.075653782617393972e+00
1.341736620109045930e+00
1.341762763914971401e+00
-1.820944641014847321e+00
-3.159319549070147559e-01
1.973932414679552494e+00
-1.261729114841344312e+00
1.974224277270849370e+00
-1.261484142248605167e+00
-1.406749747860317257e+00
-4.022738440246257596e+00
4.066003526452689698e+00
5.048569749901190562e-01
1.835056299862102946e+00
-1.296064658030985584e+00
-9.845612062189132985e-01
-6.505060263207852245e+00
3.464816162309261927e+00
3.503124051193438504e+00
2.936251872555999398e-01
8.725823775612582267e-01
-1.570538265138793577e+00
-3.137151380363633280e+00
-1.511243527440285561e+00
3.693741404856865529e+00
-4.517003177131044822e-01
1.629542253769713511e+00
-4.256479547104987660e-01
2.211760616509948818e+00
7.577895342199667539e-01
-2.296806382071295616e+00
4.002392283699691689e-01
-7.240419500249686280e-01
-6.060486767683386233e-01
-1.779090554372686483e-01
-3.446604613886719903e+00
4.070709554142950992e+00
5.697801416680718489e+00
-6.549604259847413346e+00
5.938570713561688308e-01
-6.491148336813552078e+00
4.903306667650980444e+00
3.026529642079836435e+00
1.747080373300917699e+00
3.647962470865024898e-01
-3.330742490952516732e+00
1.755632474285860667e+00
-2.261888655440415619e+00
6.245484665312517336e-02
-2.980479139977177283e+00
1.705484731751056415e+00
1.621428115717591822e+00
-4.679259467769014691e+00
-3.831771274146149153e+00
5.807499546004351032e+00
3.356965822535642019e+00
-1.044615002987598018e+00
2.940196837011086473e-01
6.850205249587446588e-01
2.800928521344587807e-01
2.597573420654413212e-01
2.800547922498992648e-01
2.595609942919736568e-01
-1.853016344234831081e+00
-3.137204782471158637e+00
-1.511225933375413888e+00
3.693726934213003688e+00
-4.518477110448060330e-01
1.629580626402727717e+00
-4.255080743963617351e-01
2.211585815489684137e+00
7.577138079127792025e-01
-2.296630628903258753e+00
4.001403476602405362e-01
-7.238899732817714039e-01
-6.059915732618748052e-01
-3.647459322779198487e+00
4.752659501068279724e+00
-4.091053684113887812e-02
1.608609840984854600e+00
-3.014033471037151912e-01
-2.232988930973405672e+00
-3.834098485461950645e+00
6.473107024171753210e+00
3.038259433284949296e+00
-1.315208416475172726e+01
5.893246577177677636e+00
4.597097183885239247e-01
5.269369145490969686e-01
4.650128925164978000e-01
-4.505295892240468447e-01
4.652887739274831347e-01
-4.504934926432611064e-01
-6.466717480275576690e-01
1.952681519348757888e+00
-8.231174002679608748e-02
-5.584144672656918829e-01
-8.198360182008457286e-02
-5.583501336962797268e-01
-7.989786739170767760e-01
