-7.666985898611056172e-02
-4.637144563838924149e-02
-2.060511207236492837e-03
3.231533304356726255e-02
-7.932933495271177193e-02
-3.052254167313650512e-02
1.071257337552422584e-03
2.597476022312439348e-02
-6.700121030168015857e-02
3.559038156842886380e-03
3.560461699205541564e-03
4.455968092791096069e-02
-8.882450045956247209e-02
-4.965001705442362301e-02
1.292985299139681743e-02
3.370450487209519785e-02
-8.228376440703821793e-02
-5.587469340009421082e-02
-8.038676214368045692e-03
5.792843934023128583e-03
-4.572428944815309926e-02
-2.596689892954606727e-02
-2.161026547521616159e-02
6.771335053240568058e-03
-3.952498422948824697e-02
-1.168829500955848033e-02
-4.391894396294615532e-03
4.128735257187265972e-04
-2.216026407982574220e-02
-1.444232673670664546e-02
-1.444170292177426873e-02
-1.934103938604536665e-02
-4.583320434913296104e-02
-2.956813589995199720e-02
-1.874666171068173348e-02
6.679715483135728604e-03
-9.264662862681305455e-02
-7.339183424861728255e-03
7.003886897260835909e-03
3.752860313072781118e-02
-6.687273856241926495e-02
-1.187804112663837230e-03
-1.186925233679358982e-03
3.009338602801747697e-02
-4.572415741834112701e-02
-2.596715891606127258e-02
-2.161008317907886500e-02
6.773354852132262849e-03
-3.952482953202784977e-02
-1.168887984104483024e-02
-4.391537260504563278e-03
4.123935219173535671e-04
-7.985495258784047756e-02
-6.174741836793185001e-02
-1.377772458938952838e-02
3.781623651427179489e-02
-7.251172064652733340e-02
-4.892144912967810733e-02
3.355981584376221960e-03
5.537194173353499060e-02
-5.714690096996788427e-02
-7.275609667581450779e-03
1.478111929792080836e-02
1.478182998434784956e-02
9.600269117517656881e-03
9.600812710918837922e-03
1.256513581602192176e-02
2.659137480065854042e-02
-7.667075787950561327e-02
-4.637111748644962006e-02
-2.060080511570472339e-03
3.231434745183059398e-02
-7.932926542043894358e-02
-3.052339981744012221e-02
1.071010939925010064e-03
2.597428801525381026e-02
-7.731269740431345738e-02
-4.670547525867596583e-02
-7.406601644759369663e-03
1.821782437777685892e-02
-3.595750551215326496e-02
-2.710007561205807214e-02
2.364539521702013758e-03
-8.113370764411875768e-03
-7.985455924548801043e-02
-6.174783792588578457e-02
-1.377823188033677759e-02
3.781773350902217778e-02
-7.251245895701963207e-02
-4.892229096877920291e-02
3.356359265360486788e-03
5.537282419003597411e-02
-4.583361883773728884e-02
-2.956755443612824052e-02
-1.874743330540162844e-02
6.680031726617796650e-03
-9.264614667254189584e-02
-7.340343067592236537e-03
7.003886497046085680e-03
3.752928699676694180e-02
-9.367501380370235609e-03
-9.366968483309534577e-03
-1.693717288835161483e-02
3.681463919756300385e-02
-7.731284870392185482e-02
-4.670531212071171723e-02
-7.407967503728407621e-03
1.821762254639369694e-02
-3.595801459437564240e-02
-2.710050687927800794e-02
2.365294404691242747e-03
-8.114234973271017282e-03
-8.882520257050607881e-02
-4.965022976569821722e-02
1.293021405071526075e-02
3.370405150195332489e-02
-8.228414181587506704e-02
-5.587464390429208727e-02
-8.039433830732356512e-03
5.792746000308435228e-03
2.683666929939043655e-04
2.684551090739173418e-04
3.550381372439126437e-03
1.131459893859121379e-02
-2.410560064835576277e-02
-2.410488382285569386e-02
7.487675999013898576e-04
2.152442038068791419e-02
