-1.157441835762964555e-01
-9.312595177087934495e-02
-2.892762523368408445e-02
1.099793600617626765e-01
-2.874480959915670653e-02
-1.625464643000729126e-02
-1.386070941700889847e-02
6.737363765730641774e-03
-4.144116204603554010e-02
-2.891250433292702482e-02
-2.666048356821337784e-02
-4.538147500297018411e-03
-1.126610650311083983e-01
-9.527285453154510364e-03
2.164552957692400526e-02
2.534648278738060867e-02
-1.432353022016508159e-01
-4.460791144956788301e-02
-4.316080080370987559e-02
9.113940952831622866e-02
-2.834664617849358415e-02
-3.630053491915141706e-02
-1.908267605866464933e-02
-5.623978322119693729e-03
-1.169412887801393186e-01
-6.718225999554650052e-02
-2.528005614625183917e-02
3.450835998104762048e-02
-8.548917891417917581e-02
-3.706295652556357290e-02
-1.282972905429580202e-02
1.685598778478603066e-02
-5.539148015510586553e-02
-2.973659716848087164e-02
1.225460837627911914e-02
1.549892442470346410e-02
-1.061797302436617851e-01
-3.679027082757069245e-02
-3.405238351022399357e-02
1.356736437863048650e-02
-4.183271965967993999e-02
-4.799455822373310809e-02
-2.835130143333586261e-02
-2.294560418697844106e-02
-5.775470037190388872e-02
-3.220897279545842373e-02
-3.773779926085096825e-02
2.197626001047425781e-02
-3.593373614277650674e-02
-1.091504615909100195e-02
2.120997253777234803e-03
-5.204218951424977035e-03
-7.656021063277562710e-02
-6.596728060444179143e-02
9.111285656775214292e-03
1.823187860469444033e-02
-1.753708524505441790e-01
-4.254040758514388010e-02
-1.121381492648887424e-02
2.675998111174315852e-02
-5.930054244982585487e-02
-3.831327437338405417e-02
-4.986646027300656314e-02
3.076857513550024237e-02
-5.302165346193965512e-02
-2.813058315468519588e-02
-2.701613687691239996e-02
-3.489621628407046927e-03
-6.729465665880041136e-02
-2.646591518837237977e-02
-2.404023666942545212e-02
2.194446777802183668e-02
-1.518126486952180443e-01
-1.209749484738338321e-01
5.490616313972962459e-03
4.180055777375990544e-02
-1.177658276571391660e-01
-5.810408056400184762e-02
-5.315975249736548669e-02
7.998072968556391160e-02
-1.025436351916222399e-01
-1.457120592685812177e-02
1.649820311812533191e-02
1.698708428334838594e-02
-9.656516864640729558e-02
-7.311220711509869297e-02
-6.433402506059904269e-02
9.183482600755521474e-03
-6.667593849927810901e-02
-5.682314667276577858e-02
-3.075384009537018848e-02
-1.925518136069137576e-02
-2.726638396952751897e-02
-9.003385488874693365e-03
2.738398795797469809e-02
2.857472629143131826e-02
-1.186973855529260824e-01
-8.054563383641366592e-02
-8.161577351721405194e-03
2.124278061317363964e-02
-1.270940731362670828e-01
-1.052209437077205045e-01
-1.406858694368451346e-02
3.179040177861813810e-02
-1.391587648692209633e-01
-7.086335321935188780e-02
-1.847002509111295154e-02
-6.514382497584403353e-04
-5.944963158111993273e-02
-1.473056891654267453e-02
-4.643633952676307075e-03
8.168844793321472508e-04
