-1.012691955485671258e+01
3.954283509622385395e+00
3.638203947694933049e+00
5.383023523153553924e+00
3.379885910666359905e+00
-5.620814968407415790e+00
3.713034764841964375e+00
-2.632615411344374934e+00
1.535995916238732661e-01
-5.557665507065507882e-01
7.956748640816044826e-01
-1.931192172788982475e+00
9.280561719682651756e-01
1.489167626887166307e+00
-9.612860901626874011e-01
-9.732879639791320869e-01
5.083454876995432414e-01
-1.024333892687991465e+00
-2.328195818278132379e+00
4.551526019139387813e+00
-2.276723055799450890e+00
3.960457614512620239e-01
1.729995347587632182e+00
-2.043811128980181024e+00
-3.005136147526542345e+00
-1.155163406588798125e+00
6.193054955098233449e+00
2.100775964693553988e+00
-1.797811820774313674e+00
-2.314968303474216782e+00
-3.157489494268219232e+00
4.797975415574001090e+00
-2.212057099900874846e-01
-2.563920557391469401e+00
-2.053704744289490236e+00
2.400889046148733996e+00
-6.363438631934300815e+00
1.259669562420313582e+00
5.490531648658119934e+00
-1.483125113971311748e+00
2.711661040348673168e+00
-1.867969775102608310e+00
-5.357018773896783159e+00
2.904792415716073606e+00
4.463582165940010782e+00
-5.103893712056475351e-01
4.554863901218340061e-01
-2.006412752450927428e+00
-6.689302376850974952e+00
1.425617749437179782e+00
3.602493501653029284e+00
1.532291272836019402e+00
3.292920238080938589e-01
-5.280621129367375488e-01
-8.050518079626471035e+00
5.055617286625889051e+00
7.465786305511713294e+00
-4.164903467344998944e+00
5.848177996221110675e+00
-6.550625117215986393e+00
3.185230087783082809e+00
-1.225343938016921186e+01
2.272100358766053319e+00
3.871819345336717788e+00
3.324621088699245774e+00
-9.382412504393045083e-01
-9.840505956743328397e+00
4.845694208713254625e+00
3.521287635555140128e+00
1.443875749525304286e+00
1.375258572474578500e+00
-1.259898101702546569e+00
2.553595962796549657e+00
2.382544689185024822e+00
-1.981094383944949300e+00
1.011516539704075512e+00
-1.556518675316326039e+00
-3.025299076989583114e+00
-6.086204102253304882e+00
7.252834851120383064e+00
-3.083422657054299520e+00
5.744325715967107726e+00
-1.344061390999570449e+00
-3.378349067558218621e+00
-4.233176415762983424e+00
6.071705801442092820e+00
-3.304722561829720462e+00
2.109610153379946951e+00
1.478010250294502725e+00
-1.939469999861827887e+00
5.761923939950335694e+00
-1.078838705972715672e+01
6.352148128650128456e+00
-2.692497879018134199e+00
3.220092071055717042e+00
-5.164218762998316947e+00
3.073349960970915618e+00
1.001055756304012334e+00
-3.013867058786971143e+00
5.187262073586552447e+00
-2.534120142008447374e+00
-5.015711396324746829e+00
5.468107106264653794e+00
-6.497506879695421844e+00
2.467409464195881696e+00
1.131924604961938030e-01
-2.513605671041759138e+00
6.257324427771493447e-01
7.247975013470409067e-01
-6.002096341016738279e+00
1.050353944796995620e+00
-2.617928961689401035e+00
6.906825589792887854e+00
-1.069810237066789682e+00
-4.673645239255122874e+00
3.151195800538516778e+00
2.281759507043176427e+00
1.940731450033993610e+00
1.472304083544514697e+00
-3.968640608608268394e+00
-3.264711084280563114e+00
-3.261791711265672689e+00
-3.277696268800539769e+00
3.383602033139354148e+00
4.248145625768799505e+00
1.034883060800368071e+00
-4.351998168098944575e+00
4.544223826082586015e+00
6.026479198331045950e+00
-4.415640368261946946e+00
5.938725876436421913e+00
-8.374848443725554148e+00
5.127837712190469688e+00
-1.109045478185372247e+01
-6.816258619920745332e-02
2.726341897138794934e+00
2.447679359190857440e+00
5.343496755679240096e-01
-4.055231673743762144e+00
-5.418599107804894288e+00
-5.753317814620800164e+00
4.992121032095667488e+00
3.834291961080651845e+00
4.040835818851562067e+00
-5.530295422337673017e+00
1.612852864183977886e+00
4.981315117588522412e+00
1.245071753711627593e+00
-4.098412912098012839e-01
-1.851298453463840588e+00
2.497655364931048894e+00
-3.761259700713324605e+00
6.136841058899804580e+00
-1.662396754000397436e+00
-1.689981438946972503e+00
-1.860003017723883545e+00
-7.497360148889669063e-01
-3.213296316616151671e+00
6.897329793033421197e+00
4.415200864473845854e+00
-9.936577541408851744e+00
2.927907952786867440e+00
-2.250368834277580277e+00
2.807108733472887252e-01
-1.165301408547819051e+00
-9.207190255647361710e-01
2.601452419038011499e+00
1.237465031970657492e+00
