-6.076102543622297070e-02
3.938265575864186019e-03
3.966820919760749575e-04
1.669109843255078829e-02
-4.901830426599973478e-03
3.303337091438152129e-04
5.571719563617127946e-03
-5.354370511882367012e-03
-9.047622565957480489e-03
-1.325311832001063728e-02
-3.148755266713099132e-04
3.089469458921856315e-03
-4.663030747135499254e-02
6.477342168526689647e-03
8.455915260870527916e-03
1.184467383827580989e-02
-1.613200675856596433e-02
-8.225442595300558324e-03
-6.715701903066140233e-03
1.102870820406076646e-02
-5.783993378309482125e-03
8.304883208833935271e-04
5.719305010285724578e-03
-6.389107515952341387e-03
-1.283110201271120410e-02
-1.302943426278146966e-02
-2.396743351535945976e-04
3.736262321410332987e-03
-6.821675797700654797e-03
-3.601802063456727154e-03
1.249166600408191385e-03
2.467278038026377018e-03
-5.188272974429519735e-02
-1.114130808975688502e-02
1.075019778628516498e-02
5.572539767179751635e-03
-3.951234286296156917e-02
6.901318038432746604e-03
-1.753810738105432421e-04
1.302827793005834067e-02
-3.894291359597401581e-03
-2.950133604227911377e-03
4.071918202194879655e-03
-2.871363633363044343e-03
-6.794149402572058349e-03
-3.619313631473497495e-03
7.223422400328693982e-04
8.431955952181713343e-04
-4.949334580467623645e-02
-5.006837719829348998e-03
1.337276471287029977e-02
5.656692703941867961e-03
-4.780658680950011785e-03
1.172974580587959892e-03
3.783784721744565260e-03
-6.349501928690770569e-03
1.926360494247436606e-03
2.078450281971511160e-03
9.845130610024233064e-03
1.162905270854719397e-02
-4.480976720571083760e-02
5.597913791280051399e-03
8.210328920281506626e-03
1.288320970776912766e-02
-2.293481867329671964e-02
-1.963241863736042703e-02
-1.052065545351510423e-02
-3.166170765622089434e-03
-5.066312967660135946e-02
2.376993767191137863e-03
-6.872515147510860345e-03
3.337858636984947225e-02
-1.028593990757897814e-02
-1.244281644326505898e-02
1.974826760222647692e-04
2.325596179473921055e-03
-4.956312433439968856e-03
-1.103910866816937286e-03
4.242212895768204817e-03
-3.301014976195171258e-03
-3.951696462462916948e-02
7.633964096982692737e-03
1.217617895365230574e-02
-2.051973672867468679e-05
-5.779675796883543271e-03
-4.189057413136465513e-03
-8.890174614872847769e-04
-1.204584056633706268e-02
-9.537478371851815240e-03
-8.352247321463224239e-03
-1.172714085192150257e-02
5.638148736750725476e-03
-1.945586074981653368e-02
-8.491125885338846047e-03
-3.358018929281003651e-03
1.490067753428347963e-02
-1.013670886422124440e-02
-6.078405405562925523e-03
-1.158608629778679067e-02
2.360274595091249594e-02
-1.316124829597664636e-02
-1.546503797063714103e-02
-3.014528201451094347e-03
7.535429410536975681e-03
-3.459877498955155062e-03
-1.874623511229911443e-03
4.488848068890050058e-03
-5.626538818422899269e-03
-1.051364934373899551e-02
-4.964799146804699248e-03
-1.154782688601607710e-02
2.714113102593684879e-02
-3.925631183121280898e-03
-3.918099890268811336e-03
4.052809661291734145e-03
-1.266270499077570832e-03
-1.675732376790106670e-02
-1.155099894996891585e-02
1.263334889030076624e-04
1.677792418073065228e-02
-5.767891972010597001e-02
-2.525180709360608233e-02
2.492636022626504300e-03
2.252998390193194922e-02
-5.346387430922527884e-03
-3.758064349290712869e-05
4.074573278175064317e-03
-6.995011996554278966e-03
-1.156968934343849398e-02
-2.908882154457836933e-03
1.632166123388678614e-04
6.454503699482305734e-03
-1.962133143890487652e-02
-1.394963833679807585e-02
-2.556280526488929894e-04
1.515864810193434664e-02
