3.111803781625340548e+00
3.005485676160475350e+00
-4.970235016699618313e+00
-1.715106267083115199e-01
-5.218893373493074250e-01
-5.099840212359367797e-01
4.695474896732036996e-01
4.971214209366792147e-02
8.698450986101136095e-02
-6.408859077622253153e-02
-2.611018356629557502e-01
-3.074672416168198197e-01
-3.112043925359841978e-01
-1.944581408249632659e-01
4.648144302606453948e-01
1.389389811663050978e-01
-8.485854170380946471e-02
-2.569864845625602356e-02
-1.442372423107840973e+00
-1.237626834398383835e+00
3.027437375702149325e+00
5.668100232653330295e-01
-1.495174289204612705e-01
-7.504955327204783089e-01
1.436145660529504653e+00
9.905456063573581105e-01
-2.221797733309557543e+00
2.531866217399851848e-01
-1.771306220826431854e-01
-2.715710473669759040e-01
3.052298456946118677e-01
1.824653102583937425e-01
9.467744512764397768e-02
-7.243055184120805734e-02
-2.608928546422362160e-01
-2.727628264474049047e-01
-3.099954114521352722e-01
8.121490210355517547e-01
-2.532615358368275338e-01
3.096937105065933338e-02
-4.707244850288674343e-01
1.462345793780883696e-01
2.506286704175835212e-01
-6.144785379810144832e-01
5.125977531798326936e-01
-2.100917862454423357e-01
2.016989275386009695e-01
-1.172143333633215434e-01
-2.880610408333538430e+00
1.651621689567903672e+00
2.218686793361456466e+00
-2.683816859531589216e-01
6.263223558570985006e-02
-7.411430282756725774e-01
1.767938813862969027e+00
-2.653194706488051224e+00
1.571273562471390051e+00
5.204351985878474807e-02
-7.575023085113201660e-01
-1.378329428495845832e-01
3.443643062666268406e-01
-1.328384272724605353e-01
1.342313355521582707e-01
-1.388756216695696821e-02
4.510539526124546228e-02
-3.896297039129450468e-01
4.020074231144832311e-01
-1.648515690531837663e-01
2.965874727919981524e-01
-7.026851022744295960e-01
2.056801538930699280e-01
-1.882574968026062834e-02
-2.731937911847253986e+00
2.103430882608719799e+00
1.961912526803132550e+00
-2.345132223680934658e-01
-2.098440974773581047e-01
-8.784918097273219928e-01
3.005511194227779015e-01
1.543102375129592474e-01
1.267309971957217840e-01
-2.702808482573288984e-01
-2.589036079574214000e-01
-6.369347723092744218e-02
1.346507272800351984e+00
9.095849353559799511e-01
-9.693161012502713447e-01
1.108191181465969066e+00
-9.175012854821744668e-01
-1.742884253234336711e+00
-1.172160443550225750e+00
-1.219434566648075702e+00
2.884353575579197582e+00
1.890587285829781194e-01
-4.052662452512265645e-01
-2.681951925752770194e-01
-3.795060527071015599e+00
-1.929777035460631396e-01
1.457086079678205692e+00
1.151273365573246110e+00
8.209788656814538399e-01
6.275630523909256908e-01
2.340977977470643623e+00
-1.422449419184076191e+00
6.074116759400283172e-01
1.112248958807228405e+00
-1.659358490684468279e+00
-1.077852089729987028e+00
-2.778279486013417454e-01
-1.928883874507789642e-01
3.449549131747318143e-01
1.053749826632497388e-01
-5.214584369389285712e-02
6.131157593507907677e-02
-6.828048296083863988e-01
3.548092002161240544e-02
5.507762793665591516e-01
-2.092219669098795976e-01
2.904019549613963136e-01
5.352891785301494565e-02
1.856805250668031704e+00
1.570081645514790125e+00
-2.765723295363443412e+00
-8.339495435074013585e-01
9.973886832244716061e-02
-8.236692930357492060e-02
-6.396919792089761359e-02
4.995026739861856413e-01
-1.048902059347980753e+00
3.300013693069701048e-01
1.810062452300371660e-01
5.540649840290257089e-02
1.836070589994790225e+00
-3.333673970766753314e+00
1.676814336361644564e+00
1.659441610168741477e+00
8.140127198732045599e-01
-3.052242851243292421e+00
1.739018084677525167e+00
7.772788483570849394e-01
-1.728780095691647034e+00
2.043069736553633220e-01
-2.805760275883670829e-01
-7.421839377278871552e-01
7.923506979156229590e-01
9.520995093539710297e-01
-5.714203204961165738e-01
9.745595833669398189e-01
-7.707640432649185414e-01
-1.394920124615637747e+00
-3.544206631403170604e-01
2.659387472592555923e-01
4.156408568611169585e-01
6.310406689422620730e-02
-5.688584470964599404e-01
1.323473742526459773e-01
-5.927162981680851317e-01
1.154013367375057442e-01
4.149680668351862778e-01
-4.790882790199475494e-01
6.368949918226860518e-01
-5.265836449294170052e-02
6.122458802123560417e-01
9.302647251996205569e-01
-3.148787426087977792e-01
7.993661804882208344e-01
-5.666309345753290927e-01
-1.480818827632162993e+00
1.702506808821198092e-01
-1.240720716776877453e-02
1.070587915698411052e-01
-9.969531977988310700e-02
2.189137285561173485e-01
-3.887444321914585998e-01
1.930530045019636987e+00
-5.388353069510287696e-02
-6.727603070630436832e-01
1.066357142811952485e+00
-1.635396937898534020e+00
-8.502386449925438683e-01
-1.422836875374940746e+00
2.467023313983986554e+00
1.332991162118659645e+00
1.157828233177525590e+00
-2.554866837153781489e+00
-9.497410864098867478e-01
3.058522138880732655e-01
5.457730071738353672e-02
5.170686359021203771e-02
-8.544677107754239387e-02
-1.961329695857472188e-01
-1.457681418927592176e-01
-9.907217259484468741e-02
7.464938203863482613e-01
-7.238124831148269323e-01
3.600548633519338182e-01
-7.164710543362673434e-02
-2.716126001833742976e-01
1.590967978371168101e+00
1.171824335512411608e+00
-1.173914412896024828e+00
4.293099440571381820e-01
-1.578686785352672928e+00
-6.835551793680139099e-01
