-8.291685165371490029e+00
3.778679965381883221e+00
4.879266556443965897e+00
-1.084080951588362041e-01
-2.571413925430761083e-01
-1.490181735145483799e-01
1.110630823269815437e+00
2.344514653563436468e-01
-5.023273056376780232e-01
1.376786930629378958e-01
-4.143132342244228994e-01
-6.614365970788895766e-01
1.621703130768082701e+00
7.050658372150451214e-01
-1.204573563014932347e+00
7.046565710087975276e-01
-1.204375847708533342e+00
-8.488711942667066523e-01
2.558390255787941214e-01
1.910999538446134238e+00
-1.628112238141355306e+00
7.087244134429226960e-01
-1.571729914822356022e+00
3.866061006699652580e-01
-6.773828390775634034e+00
3.898853490451131165e+00
3.093637821970759205e+00
7.249652845061831385e-01
4.169436441224405598e-01
-1.282729088221813640e+00
4.115495281754419921e-01
4.112209246272016117e-01
-3.259011629691741518e-01
7.610365675379711092e-01
-6.784690635687837812e-01
-6.786403054629914777e-01
2.901293775928053265e+00
2.923988369992827074e-01
-2.807666337141725421e+00
1.536884181760584056e+00
-1.538364162269473923e+00
-8.123280254957023772e-01
-9.862661940786097148e-01
2.368694104759370589e+00
-2.179560826255581674e+00
1.761633241569498409e+00
-5.413316542901895900e-01
-3.509420540012939682e-01
1.368704561742134729e+00
5.305203722409999045e-01
-2.409084665627005961e-01
5.302753413419907247e-01
-2.414686569579629349e-01
-2.049776753640685456e+00
7.770807081292900875e-01
4.418388468844085537e-01
-4.315616371541608487e-01
5.078304413471670387e-01
-4.644274351001911327e-01
-9.432968172242652827e-01
-1.528536826416868166e+00
-2.319971280327877139e-01
1.260874083758196207e+00
3.477464962787308878e-01
-7.501908865124562453e-02
1.559007720639016270e-01
-3.316456217868548606e+00
6.034873232496579476e+00
-4.607907410923871794e+00
1.413789324277217929e+00
2.188811357040279404e+00
-1.864440687808297525e+00
1.110821528112893475e+00
2.343845956784491591e-01
-5.024078980136295058e-01
1.375916345921268658e-01
-4.143282775117853589e-01
-6.613807128612307906e-01
-1.570418070828523582e+00
-3.555966965933095025e-01
1.064730801486987843e+00
2.907469315641861840e-01
5.224563459873365900e-02
4.420114760892204231e-01
-3.500216448817340620e+00
-3.500180314962676675e+00
4.813401411640896299e+00
2.306573367008041942e+00
-1.147571996974647845e-01
-1.148361563369206806e-01
-6.773638895207454880e+00
3.898896778916181916e+00
3.093685414504491860e+00
7.250615933270978530e-01
4.164958672948557705e-01
-1.282667402770854892e+00
-6.476295117225888021e+00
2.848502606655657132e+00
2.458979025631137461e+00
1.467972506496906249e+00
8.032378704694735916e-01
-1.332047807250916094e+00
2.747699801467859970e+00
2.747398136663733226e+00
-2.884143535661479518e+00
2.288623399017410520e+00
-2.917611885793675697e+00
-2.917892835251961969e+00
-9.858516967120038998e-01
2.368661669405724979e+00
-2.179899222138232062e+00
1.761814292240927671e+00
-5.413658353760268938e-01
-3.511509289734817685e-01
-7.270751626144274837e+00
3.198488329995782919e+00
3.670096819496350804e+00
7.918913063436292532e-01
8.291851862524026728e-01
-1.142311078767377808e+00
-6.505493783541936637e+00
2.561935703602685521e+00
2.561744854162085971e+00
1.283375344639779314e+00
1.283160192091784779e+00
-1.386251411907849729e+00
-1.528366364247531806e+00
-2.320032440145922692e-01
1.261105765723769423e+00
3.475724394777586213e-01
-7.507515719538560006e-02
1.557339920151434853e-01
-3.316490010900480456e+00
6.034964343949312138e+00
-4.607938653250471361e+00
1.414245149292554515e+00
2.188315031628775387e+00
-1.864481249872412150e+00
-8.291718019388540029e+00
3.778793919877159624e+00
4.879193685847340589e+00
-1.084178886404316700e-01
-2.572058347693939595e-01
-1.489675523071980479e-01
3.986061696845979441e-01
4.584545625283453774e-01
-4.325201003537983979e-01
4.581780794543988122e-01
-4.327535482393045640e-01
-5.299358972101799736e-01
-1.570255419701652499e+00
-3.555361969525847599e-01
1.064572240364043409e+00
2.904182673245117030e-01
5.254609216922290216e-02
4.419801447951243745e-01
2.559887370061915135e-01
1.910965978668357934e+00
-1.628383237288716145e+00
7.088400939369989828e-01
-1.571634699116884804e+00
3.865486729957439138e-01
-2.289348777301825066e-02
3.882548747712348813e-01
3.880368635628315133e-01
-3.723068276575958180e-01
-3.723796543086166366e-01
-5.125791454649686330e-02
-6.476224896271972398e+00
2.848964514704604767e+00
2.459122364202784183e+00
1.467889754208613340e+00
8.030366785370830485e-01
-1.332436514747229239e+00
2.901242501742274271e+00
2.924798482302577440e-01
-2.807378107907268827e+00
1.536662569852012439e+00
-1.538453874531612087e+00
-8.123028083706600455e-01
6.134095572244575578e-01
-1.004002752975253543e+00
6.268444873105636361e-01
-1.004431809455084590e+00
6.265430177876680773e-01
1.865182141552708117e-01
-7.270534254335842661e+00
3.198282764569981396e+00
3.670082619058916862e+00
7.920224729581519796e-01
8.291754887362401405e-01
-1.142413565271894527e+00
7.771139582415571567e-01
4.416877197030260049e-01
-4.317090470830038385e-01
5.080283467735284830e-01
-4.643757006818418631e-01
-9.432866175693561672e-01
-9.197313422511399494e-02
-9.230002659028002654e-02
2.117406351888035942e-01
-1.672408885247875787e-01
7.840609482876459424e-02
7.811826426079448993e-02
