-7.562796693483586630e-02
-7.087989780235837145e-03
7.323398196733776899e-03
6.224809555717136789e-04
-3.498889743520416928e-03
-3.337006637553097121e-03
3.916347160558109053e-03
-6.837555990960808572e-03
-1.665022682246064534e-02
-1.664900622244402939e-02
2.584695689700211574e-06
2.592562773882089999e-02
-2.376572250825526034e-02
-6.671887009676025215e-03
-7.577863190842304419e-03
1.179515219056836983e-02
-7.271865164261503978e-02
-3.105346786727669617e-02
7.058107335165875185e-03
2.039992685678648776e-02
-3.298794324236187236e-03
-2.700856772846815801e-03
-2.699942569616364807e-03
1.220889404866465355e-02
-3.100243498503396644e-02
-1.444765877778175778e-02
-4.630949145935314704e-03
-3.224550536533365985e-03
-1.825355525111360677e-02
-8.660054432408248459e-03
-1.995398268790471441e-02
2.597815363074795769e-02
-1.187496614462224542e-02
-1.187321964003373864e-02
-8.003145888428875310e-03
3.584216744470780647e-02
-6.229832119132971968e-03
-1.290066814096268999e-03
2.075966177339516605e-03
-5.023548650392006820e-03
-2.000028846060009080e-02
-2.531488140823512367e-02
-4.834680635939614390e-03
1.313632943191311853e-03
-7.275354295024083484e-02
-3.270274915248450043e-03
8.022424547649897875e-03
2.755943289372408955e-02
-3.498261287934401054e-03
-3.335982003914272909e-03
3.915737587522727381e-03
-6.838303377592280796e-03
-1.700046729706028437e-02
-2.423557537718434851e-02
-4.729792808091159984e-03
-1.527896817673290997e-03
-6.979403032764364134e-02
4.021114131770975320e-03
4.022736063756138236e-03
2.723635054563788849e-02
-7.271910239823653477e-02
-3.105363414914030784e-02
7.058141519156846400e-03
2.040034423225245419e-02
-5.567191887336098155e-02
-8.750656234684850432e-03
7.884007442353180295e-03
1.636276552575033350e-02
6.065991469067055775e-03
8.895669988181698074e-03
8.899019534289731581e-03
4.704078913231479753e-02
-1.825364022886755144e-02
-8.663097046435419557e-03
-1.995356653929292179e-02
2.598116247724280292e-02
-6.622654359135804469e-02
-3.215530764121288243e-02
1.584779297973248902e-02
8.793869543816557055e-03
-5.308118823828733568e-02
-8.693689944275995174e-03
1.158771660803381565e-02
1.159123102843273578e-02
-2.000131240075830874e-02
-2.531485615727202543e-02
-4.832846984671679280e-03
1.313120414826229876e-03
-7.275467969754756403e-02
-3.271259493692557641e-03
8.021469446788609403e-03
2.755906751143966105e-02
-7.562966837862861169e-02
-7.085924973728285892e-03
7.322450007349878831e-03
6.221913775614762443e-04
-2.712892540912559269e-03
-2.709875760543933865e-03
1.986360460903169312e-03
-3.923523719051580372e-03
-1.700308141897410863e-02
-2.423567458148334630e-02
-4.729244861339854111e-03
-1.528185025784445372e-03
-2.376641042435823081e-02
-6.672234019038381092e-03
-7.578209788433598604e-03
1.179666996263084577e-02
-2.161089971564056356e-04
-9.914369314418136625e-03
4.080447379514628992e-03
4.081778449972484069e-03
-5.567278533245079153e-02
-8.751375658790028211e-03
7.882786312582767962e-03
1.636419707983183258e-02
-3.100462227445666130e-02
-1.444706043749688362e-02
-4.629940315154845720e-03
-3.225190603550975865e-03
-6.102022837347176321e-03
-6.099306977497498394e-03
2.704985747927324269e-03
-2.199629741317599141e-03
-6.622801849456672052e-02
-3.215446838852642486e-02
1.584725532339081866e-02
8.793569560786584915e-03
-6.227906891093537567e-03
-1.289886310116949986e-03
2.074653909897250514e-03
-5.023796797921864510e-03
-4.205747582693764031e-03
-1.331487874988823705e-03
-1.330674410212617786e-03
3.798003283294493215e-03
