-9.076279576535569049e+00
2.047037093007020303e-01
6.655901743623502398e+00
4.666675629728445074e+00
1.420238426711947000e+00
-3.530492741639676524e+00
-3.953658433913332715e+00
1.426431359472644544e+00
-3.710741869309828189e-01
-2.183413061227113872e+00
3.575430007301505952e+00
1.271592396127559255e+00
3.425018269448713681e+00
-9.833413814365457029e+00
3.782343635202153109e+00
-4.255962465441598397e-02
2.170211262909774064e+00
1.123251756063723406e-01
8.587937384193793378e-01
-2.426633000365811199e+00
-1.509621177607300524e+00
5.214226003266546172e+00
-3.369804438252614887e+00
9.539663562005245012e-01
-1.368100985048712914e+00
5.559040066589957974e+00
-7.208793262121687917e+00
-7.979992255779677635e-02
5.357157159780712163e-01
2.297814390652220595e+00
-1.166382758139525322e+01
5.971960312802238491e+00
4.629735979999480833e-01
2.081124451389925412e+00
2.534999321634501257e+00
5.589173242878047176e-01
-1.948864271154107541e+00
-7.361239571625205258e+00
6.186607204929956083e+00
5.169786205131430279e-01
2.727116056697738600e+00
-2.384292674342987084e-01
-9.156961632036868082e+00
-6.222725547513761057e-01
7.328512109639135019e+00
2.044467709168401370e+00
3.132821149892549784e+00
-2.775276379273407201e+00
-2.710436695321305933e+00
5.657800256203501021e+00
-2.412805108935657472e+00
-1.028989435136963948e+00
-5.581030204262731331e-01
6.739913288606942388e-01
-2.903324212594725395e+00
2.911748072795703024e+00
2.925866424264597754e+00
8.094749410996939787e-01
-4.361674292738840109e+00
5.290756025887475289e-01
-1.407157772405358287e+01
1.149429773438619407e+01
-4.445057818611701350e+00
-4.925286490506479709e+00
8.457144332529324515e+00
2.617613677318757937e+00
6.802745505884473687e+00
-3.911200476167437046e+00
-3.309457981765504542e+00
-6.647090470898717740e-01
6.127778984205463075e-01
2.868300339783615982e-01
-1.605360605887528891e+01
-2.847402912799992691e+00
1.176662910879808521e+01
5.749148825378838978e+00
4.409330996819306847e+00
-3.306383980644184817e+00
-3.007590595635662112e+00
-3.665087096252406695e+00
3.800781514447351128e+00
-8.540474037213101610e-01
2.607172242887898506e+00
6.449269893647340268e-01
-8.515118871255396016e+00
4.021809844794589139e+00
4.335580220062922763e+00
7.049469744720369135e-01
1.404076717131147234e+00
-2.324659298590347589e+00
-1.137048354111541926e+00
-4.891314457842725005e+00
8.482326379119285775e+00
8.079204996485884749e-01
4.915606954736517764e-01
-4.498191299749692007e+00
-9.507851932416116369e+00
1.246962013210352893e+01
6.102375146113814708e+00
-6.145285073427345424e+00
5.231116713884901515e+00
-8.198698027552850931e+00
-1.516323277814672110e+01
7.339299454058021865e+00
5.013092201109344614e+00
5.823057264867060212e+00
2.376310669602759162e+00
-4.770869334194841827e+00
-5.516839093728307830e+00
-5.420080613104971690e-01
-1.963053537897991419e+00
1.650092061517909769e+00
4.134623561064628916e+00
1.436950440993413736e+00
-5.780557812984255861e+00
-1.686833200902057683e+00
8.767257499536214027e+00
-8.662637427217447339e+00
3.116475475098965831e+00
2.736890263716190930e+00
1.234984235246223250e+01
-6.038132112834802001e-01
-5.376494269512519963e+00
1.489057478761694142e+00
-8.864438078300892698e+00
1.698463911929053438e-01
-1.193732318113082158e+01
2.432809028135608287e+00
7.745810135480610370e+00
2.299561844918045495e+00
2.738928069967712986e+00
-3.154123082537793721e+00
-3.609167842150867500e+00
-9.801380970357769229e-01
1.203375499330064713e+00
3.069743045355721733e-01
-7.994146012114242694e-01
3.455891749207367525e+00
6.487387961605151077e-01
-1.354987823828366800e+00
-7.195621137362195441e+00
-2.786202887141016049e+00
6.789200603640040299e+00
3.235115533048485759e+00
-1.214981455205179373e+01
1.081588851240289273e+01
3.515935974223651783e+00
6.913149680698992938e+00
2.793646782961872077e+00
-1.133381686055743387e+01
-1.012207646386671911e+01
6.295411607271475418e+00
3.357283335957376380e+00
1.956270306298833361e+00
-1.579247536995396217e+00
-9.531231708922405232e-02
