-1.166366271425796075e-01
-4.596150920396957495e-02
-2.536212322600550628e-02
4.129396866684964529e-02
-1.082417608310082269e-01
-8.829664905352130333e-02
-1.466057418617472408e-02
1.707493823553885015e-02
-1.014265852237674626e-01
-3.278505012529020490e-02
-3.160996121611803211e-02
-7.409358110607611181e-03
-2.254905574626664411e-02
1.269766645804137895e-03
1.512467821169294346e-02
4.857257055505015408e-02
-9.812723896808095425e-02
-2.644978997509128682e-02
-7.596949523430707174e-03
-1.530957562480228518e-03
-9.817028606547650860e-02
-6.355561790264530053e-02
-6.765477553182619452e-02
2.752104521720921682e-03
-1.572390868707789213e-01
-4.812276052474873111e-02
-3.615969636287297284e-02
1.721858808974485733e-02
-1.199736964014517238e-01
-1.661139623264551446e-02
-1.652975218689012316e-02
1.140988835914114041e-02
-5.546913974276135306e-02
-3.902486190163356738e-02
-2.043157543778839624e-02
-7.442571659761476610e-03
-7.897902232835951608e-02
-2.338871252830410086e-02
-2.433945620900090923e-02
-7.436567725709108956e-03
-1.198405974844525268e-01
-9.546626300083005390e-02
-5.162222260693760667e-02
-1.919295952876831635e-02
-1.091882425400187984e-01
-5.753542422838764381e-03
-1.425871438881287645e-03
1.303310784275990564e-02
-1.265932192781962229e-01
-1.050629100415860773e-01
-2.856642458735403345e-02
2.820069106872580278e-02
-9.967995104261806460e-02
-5.771156541054578426e-02
-6.024845130356948353e-02
1.011664101208586963e-02
-6.691286244844074638e-02
-4.651829067365564896e-02
3.356801908161943793e-02
4.166552216012386900e-02
-7.354217551279029763e-02
-3.203104966356518091e-02
4.155125598277464860e-04
1.379500113248854909e-02
-1.330615365847338527e-01
-4.485218890702769023e-02
-5.157573554639749425e-02
7.454273098479902160e-03
-1.069130535032873919e-01
-4.596291729093149314e-02
1.147222734067643302e-02
3.844002027010628986e-02
-7.971236801731329535e-02
-2.572920724230121081e-02
-1.418803826689685188e-02
1.606445869358319456e-03
-1.092472964875805808e-01
-6.261418137851948451e-02
-6.176537214798027975e-02
8.866356917349937916e-03
-1.190710080224228751e-01
-7.018554531231546711e-02
-7.495377890672494381e-02
-4.868835297843610022e-02
-1.241735654239755071e-01
-6.971972508776036470e-02
4.509369935066231960e-03
3.917141601036111531e-02
-4.140746663078020973e-02
-4.322576336530503660e-02
-1.761267022632573287e-02
-1.520691463326295789e-02
-1.241954945722705261e-01
-1.099425734526957577e-01
-5.425970901532450874e-02
1.042692089773666897e-01
-1.022024180948273298e-01
-6.451401902427100765e-02
-5.894539344885707521e-02
-2.809387817723218994e-02
-8.709496041732234239e-02
-5.757853105763843793e-02
-3.895704618581530276e-02
4.370175093796668797e-02
