-4.186873509530730786e-02
-3.671747498341715321e-02
1.551794140055862137e-02
4.100075650507606362e-02
-9.996143846380944886e-02
-2.139801448204425860e-02
-1.433442884958435748e-02
-2.112179497284527585e-02
-9.842641134811880299e-02
-3.639244125689411469e-02
-3.861164920921522636e-02
-6.395435164175511389e-03
-1.118956121388441360e-01
-6.135221056044293242e-02
-3.805269068891048434e-02
-1.176232652173458959e-02
-1.558525613075631977e-01
-1.358208373102454125e-02
-5.153098591747617974e-03
2.958763748274040317e-02
-6.108361013398155848e-02
-6.107014206136929246e-02
-7.213153294088958667e-02
4.886475612530616353e-02
-8.045661823983074612e-02
-7.332773008337700738e-02
-1.913207362734148376e-03
3.759563780063124305e-02
-1.029848975971998648e-01
-7.113743729000820970e-02
-3.585026919393463629e-02
-1.566491283324200623e-03
-1.216610890659794997e-01
-1.982055809215221842e-02
3.074576071414147904e-03
2.612586845003028735e-02
-5.394582236242606577e-02
-6.135840390891922347e-02
-1.898157094744479245e-02
-7.096740441031590407e-03
-1.265101980078560118e-01
-6.869172856443661601e-02
7.156533270757270415e-03
3.708066785282038147e-02
-9.161968858677971284e-02
-4.698940617930813524e-02
-1.157336683778953379e-02
3.771213810061335714e-02
-3.167710578499760565e-02
-8.716528901214770642e-03
2.894001392746758938e-03
4.681914204442816363e-02
-1.093415000679887061e-01
-6.584147220920910648e-02
-2.007839316047554945e-02
3.639795109085564029e-02
-1.491504904910418983e-01
-1.126038224125232023e-01
-3.009070672840863381e-02
2.680195697681875266e-02
-7.394164820433335450e-02
-7.380191029341043318e-02
-3.181228509200018095e-02
2.368540539098562547e-02
-6.277260936961237547e-03
5.748198830032302808e-03
6.853249345473155785e-04
3.502291168824300804e-02
-1.957483532707167129e-01
-3.830627930804020309e-03
2.080579614035626967e-02
2.554094060332068317e-02
-1.605707521599597509e-01
-9.574662774947606536e-02
-1.359727973374180721e-02
5.943647165868926052e-03
-1.340452066678519127e-01
-5.815807983161946915e-02
-5.891392351676483230e-02
2.637972447081171623e-02
-1.212787616708472793e-01
-7.191173360247171686e-02
-4.667717507845003944e-02
-8.502147003119242541e-03
-3.966231439438439033e-02
-2.437324473268653868e-02
3.041528002952653686e-02
4.499375021843321498e-02
-1.232447050598468596e-01
-7.987792474969501733e-02
-7.141531305664883256e-02
1.300898182779652856e-02
-1.035986868212517287e-01
-8.615472573617588559e-02
-3.186236081809368237e-02
1.799522739735448518e-02
-1.358826828639574380e-01
-3.122841342071835946e-02
-1.151733935089715999e-04
1.064678822130527003e-02
-1.808599040385057144e-01
-1.040250939249001139e-01
-7.157764048851600336e-03
3.137422369017017765e-02
