-6.358421561361495833e+00
4.644545582726181010e+00
5.572093535294285971e+00
-5.025542930203144465e+00
-1.022708909967435886e+01
7.011575217181672315e+00
4.099607694722493534e+00
5.001854506763010022e+00
-7.123862898690745737e+00
-2.689868842134828242e+00
-1.637227330560364180e+00
1.858171930902187796e+00
-1.350593590433017255e+01
1.133519040263966815e+01
8.364043240390202527e+00
6.263791397880282830e+00
3.980997623331163027e+00
-1.488306268495870199e+01
-1.941853190157615927e+00
2.409625672745448810e+00
-7.127423145240371127e+00
1.953337177982518824e+00
3.081970662607787403e+00
9.486584334588457068e-01
5.298520900613439721e+00
-8.615980776571305455e+00
1.523960581760732680e+00
1.501818146575061519e+00
-1.920925681506972182e+00
2.145486122447962885e+00
-8.643435305476671715e+00
-5.489211091325216785e-01
4.089325198447241405e+00
-4.109180660605389335e+00
4.659412329620266746e+00
3.618656044067961375e+00
-6.832729783651672051e+00
4.350587142110072136e+00
4.351354220506067350e+00
3.498877720696356164e-01
1.749210671244199489e+00
-3.819603814899025451e+00
2.696285144900372188e-01
-1.119262771554730307e+00
-3.314416768937761049e+00
-6.019528678605610139e-01
2.381779201530846990e+00
2.095383623695596498e+00
8.201559547211687118e+00
-6.846012252037070311e-01
-2.647043912913019881e+00
-3.656188363497179239e+00
6.282201828762197238e-01
-1.971447527388818344e+00
-1.852995445411153241e+00
1.547683544463552607e+00
-1.253896917068402672e+00
-1.824211461377061028e+00
1.147701711712485917e+00
2.064439013737029427e+00
-1.538746934294891844e+00
-4.747040653212366124e+00
6.814244342359174311e+00
2.666717832683843881e+00
-2.682527775152905747e+00
-3.534853062249965205e-01
-1.133177160618699020e+01
6.593278482974284316e+00
4.347563114283829577e+00
2.724377071149220342e+00
8.236582999312247466e-01
-3.574537139578112033e+00
1.400831230611942146e+00
-4.370148242203427458e+00
-2.474219344383769226e+00
-7.633897102589628503e-01
4.096180942791264101e+00
1.527598447938061099e+00
-4.050914634942330395e+00
-5.427397746353719299e+00
7.114247271092835945e+00
1.696345184259271832e+00
-1.530231280889509549e+00
1.960994211306541501e+00
-6.489375151917499807e+00
-6.203097107280555633e+00
6.157464039422805513e+00
1.976349304061528755e+00
6.808761285641850236e+00
-2.464615342183734015e+00
-9.984291012553967448e+00
5.031144512369394306e+00
3.162763082350352306e+00
8.978008134095887272e+00
7.311484098808037402e+00
-1.352117765562496743e+01
1.406033103093378145e+00
-6.195387800417947233e+00
6.271805449550186040e+00
-2.057081501247211008e+00
3.352400242109382589e+00
-4.485279501642949640e+00
-9.476288356288861792e+00
-2.400524648166225461e+00
4.529474002179739500e+00
3.610440582349426109e+00
4.186514403792003236e+00
-1.082861070529617109e+00
-3.653466068844579695e-01
-7.396959053881786872e+00
1.985839299136856084e+00
8.229253335316997209e+00
-5.713850034259806421e+00
3.414201351109966254e+00
-6.801792927290179591e+00
-7.916634228757061464e+00
5.716204347855281753e+00
8.756051943965090345e+00
-1.020069980957359235e+00
1.309980493201948093e+00
-4.215752034773515788e+00
-1.759659846688052198e+00
1.162626632450269426e+00
4.054512674716846732e+00
3.393156119558241812e+00
-2.934618210364405400e+00
1.114262899307775001e+00
-1.628011911287217117e-01
2.378319753503163270e+00
-5.196841810557543795e+00
2.246867690092528846e+00
-4.660197650636064282e-01
-6.669477749267528566e+00
-5.399468530779245157e+00
6.007135967918486585e+00
1.395175774650907385e+01
5.356160592282819266e+00
-1.313559433128773435e+01
-3.198451751302272328e+00
1.855935789047734374e+00
-1.188602886207817733e+00
2.650085637537372918e+00
2.912916025401671050e+00
-3.132679210491374988e+00
-6.810672095901495027e+00
-4.682081023575733525e+00
1.107425061356833851e+01
6.785083745323134963e-01
6.840821125415175175e-01
-1.275624355620394113e+00
-4.087659201340031245e+00
4.281939447123093601e+00
-6.108222106774348958e+00
-2.512489179499695524e+00
5.255199976521268468e+00
3.341796710779149748e+00
