2.517029999434356569e+00
7.287135244460927197e-01
9.476657245103012883e-01
-3.050934558145314668e+00
4.127661181350248398e-01
-1.705280858907187280e+00
1.226013268861692040e+00
7.864257764683870278e+00
-3.164606977756818651e-01
-3.853949114547177146e+00
-3.529792670080226458e+00
-2.298331775034554880e+00
4.028818942703367156e+00
-1.648551120213340937e+00
-1.364295538062847868e+00
2.538460778240832383e+00
-1.131040216547518185e+00
-2.977606553228355324e+00
4.461498867792528245e+00
8.599802377404728304e-01
7.067706125431527653e-01
7.076639117006635615e-01
-7.817095699665799202e-02
-6.991901380471205130e+00
4.223905314414409418e+00
1.660603404698349550e+00
-3.099355938788875164e+00
1.258455964411510308e+00
-2.525071813431750911e+00
-2.330966308171170454e+00
4.099611820678603635e-01
3.036830000903307791e+00
-4.505654061076569405e-01
-1.864553944869797419e+00
-1.068749893909867410e+00
-7.809620025622621142e-02
2.774943203060686869e+00
7.037623437229285628e-01
2.796253887340327537e-01
-5.296051580586720320e-01
-2.639562439790921644e+00
-6.953868547007147072e-01
1.684096021977651958e+00
2.077838751884556245e+00
4.405162760178853887e+00
-3.858380515740932992e+00
-3.381675421037186879e-01
-4.783841594332912450e+00
4.522895430352178892e+00
-3.657222156954873071e+00
2.267782113507763597e-01
3.080289137346028383e+00
1.790346087436148537e+00
-6.197362883407450340e+00
4.437103511346293772e+00
7.557203018783837933e-01
3.799380340869618067e-02
2.903912537842373354e+00
-6.823998519822936260e+00
-1.467991023421348018e+00
3.919827335811120861e+00
2.724150159284249639e+00
-1.588450561411420381e+00
-1.851495439968473988e+00
-1.759438212795515710e+00
-1.936896384472987620e+00
7.473981593975196347e-01
3.292132538687766896e+00
-3.377522032024046439e+00
2.740517257917005622e+00
-2.776333550317730214e+00
-7.399982012006205423e-01
4.057604482473109897e+00
5.945046727070888437e+00
-1.104922522390111794e+00
1.649081611698719030e+00
-6.048164286392250233e+00
-6.608374389590878195e+00
3.727159175528512947e+00
2.421326801458150157e+00
-1.455207302356427590e+00
-2.153319206071429903e+00
-7.222146165011196217e-01
-2.215649239677603077e+00
1.657346571141459890e+00
4.571917090806806527e+00
-3.368250436469907072e+00
-7.067121787310526315e-01
1.549148769087040023e+00
-3.701038357535509249e+00
7.526433334408295650e-01
6.191022168274812998e+00
-3.430489063685200790e+00
-1.324334021045814325e+00
-1.275721970873902933e+00
-1.212144891239475442e+00
3.371323736953925732e+00
4.873548093842288154e-01
9.888414324591678906e-01
-1.065238483789116231e+00
-1.356947821773971441e+00
-2.773077164224972080e+00
2.170354000162120656e+00
2.543312331406497151e+00
1.854906784122320573e+00
-2.785180991582564047e+00
-1.727560320377889980e+00
-2.408273311354307111e+00
-6.584849253563191951e-01
2.046109104017261870e+00
2.655620316907715051e+00
-1.475341659700674768e+00
-2.375230608174419444e+00
-5.846312589388418246e-01
5.850130630594691183e+00
1.059585805268312697e-01
2.709871145619331401e-01
2.367639952283212779e+00
-2.244777897588164706e+00
-6.817090118398056120e+00
2.406125589544885202e+00
2.247908840419142962e+00
-2.304663881150929683e+00
1.949348636391079026e+00
-1.940435693779704707e+00
-3.074978665997974758e+00
2.741288586142474060e-01
1.752569391255661913e+00
2.415278506439364037e+00
-1.259402161807742004e+00
-1.364119739775773610e+00
-2.001958167807600830e+00
2.247209450988080448e+00
3.341207812741018301e+00
3.443891591209094827e+00
-1.848392872837962386e+00
-2.643931524553636336e+00
-5.172794646111867678e+00
3.021137046512279767e+00
3.910308403597639426e+00
4.440301744815684515e-01
-2.817226686690901261e+00
-2.952597000156060858e+00
-2.181795138260341105e+00
2.863046893504474610e+00
2.522215205670917726e+00
1.878138809324781278e+00
-1.510778800819309708e+00
-2.696492234751701744e-01
-5.537903101509769499e+00
8.536847388295996097e-01
5.738550894878940767e+00
2.897550813068647813e+00
-2.541728639971537973e+00
-4.689646258315391947e+00
-3.211761082288276725e+00
