-3.653178640078214023e-02
-1.759500268636160492e-02
1.544025148520589141e-02
3.590129091873750511e-02
-3.208351308262913371e-02
6.956604699762891642e-03
2.206192174853116583e-02
4.177399704372608547e-02
-2.999430033872863000e-02
-2.755023886421170687e-02
1.322191334197486690e-02
2.105081839049649517e-02
-3.280520361491889858e-02
-3.829571465929748619e-02
4.712506476086120166e-02
5.239048534346602004e-02
-1.467781497202547136e-02
-1.055762612719823856e-02
-6.563612390240169958e-04
5.665283528999243146e-02
-2.103524693244929189e-02
7.648062902402052998e-03
-2.835949380937341502e-03
2.399467205504568490e-02
-4.463460956344444952e-02
-2.210366805422503411e-02
1.101327029338716734e-02
6.568577895843064063e-02
-4.103098495297241577e-02
2.711649071150601387e-02
2.396513056805638087e-02
3.753050607077978995e-02
-2.387355940893298722e-02
-2.637310050026231423e-02
3.911216121896310405e-02
4.005562455661770827e-02
-2.800379968529886909e-02
3.150398581537317000e-04
7.469082081362987680e-03
4.307173026062671717e-02
-2.643462028964105315e-02
-1.172190297461250807e-02
-4.078243110320789455e-03
2.982352653281328259e-02
-1.371636010044152698e-02
-9.543856186160493138e-03
7.221523074811608822e-03
8.031150467854053510e-02
-4.780222987147464409e-02
1.294119598163212537e-02
2.897149155459977088e-02
4.060428785508118921e-02
-2.907059230333408628e-02
-1.397481411308021393e-02
3.017006694386648036e-03
2.280220897285212267e-02
-1.102985415173241002e-02
-2.191794293065973953e-02
1.982624256126874762e-02
2.479374960779523462e-02
-1.464624694540628269e-02
-1.557802001697083938e-02
8.883303578834711445e-03
5.682526552934041852e-02
-2.180396619829294558e-02
1.178330574246988505e-03
4.033315600067810536e-02
3.306754465759387251e-02
-4.630173032124229593e-02
1.692181775115653153e-03
6.749988765908820909e-03
-9.476186346903947566e-04
-4.696750894916279506e-02
-1.310855393903875843e-02
3.495895241318880409e-04
2.666697142814156152e-02
-4.660532091647273667e-02
-2.979872403534633563e-02
5.239761981435542282e-02
1.074002834533445139e-01
-2.534908479072317533e-02
-1.551730662304584563e-02
3.851485691082068286e-04
4.574370064879151876e-02
-3.462226358472975107e-02
-1.560968482785085598e-03
1.061454313773468883e-03
2.212012955524067515e-02
-5.491487261922611829e-02
2.179427394249922045e-02
1.651872336828685839e-02
5.971172339844477150e-02
-3.918409698573732669e-02
-1.492834428538536429e-03
4.589359845993623566e-03
3.318411219035777293e-02
-4.261643889595845280e-02
1.174519793411565871e-02
3.135372054290863630e-02
6.479561151741242142e-02
-4.677361224745824053e-02
-4.745883592591759736e-04
2.056922404482786071e-02
6.744101543303626656e-02
