-4.177702437137664759e-03
-2.916155366810224692e-03
-2.122751874436668018e-03
-3.981842613520303331e-03
-3.143002152829255103e-02
-1.651992753668518610e-02
-3.641856119762421073e-03
2.866405982880904091e-03
-1.875587458552541165e-02
-3.035620179559828102e-03
2.854092058370838458e-03
1.320866236590423348e-02
-7.298914647665188937e-03
-6.643346228015767352e-03
2.451127357666171847e-03
4.140088987784507069e-03
-6.738689524618646232e-03
-3.921839555086403806e-03
3.931502725937896514e-04
-2.274596345815060872e-03
-3.578656074743258309e-02
-1.506606282648381701e-02
-1.058426128032552427e-02
4.383010307336121514e-04
-1.942009800524346907e-02
-3.184194662124939512e-03
2.179999102899898844e-03
1.321333067011321027e-02
-7.262568111914546876e-02
-3.570468695415685012e-02
1.678780294830306552e-02
1.405915639346067003e-02
-4.819289525578751565e-03
-2.608668007370695818e-03
-9.469859668405078423e-04
-1.456690135083649196e-03
-1.761815018067891536e-02
-6.402023604397122369e-03
-8.377623563850633559e-03
1.573917205106822870e-02
-8.509256203377724148e-03
-3.111831574577061943e-03
5.432469474792478437e-03
-5.937987362003571690e-03
-6.720629691170576514e-02
-3.875077157937378836e-02
1.332139630124262730e-02
1.433537752152092004e-02
-5.272779835033003515e-02
-8.002280494179059289e-03
6.927731017056570906e-03
9.915529614925588930e-03
-7.044678225907485825e-03
3.414083970664005818e-03
2.973882097490965215e-02
2.980027228038983900e-02
-2.297156787970511260e-02
-1.018035675028672316e-02
2.099905479018282506e-04
3.569317256263837557e-02
-7.505355671259050787e-02
-3.093122887099886142e-02
1.251247605351113457e-02
1.400479146122157736e-02
-6.614485104630318801e-02
-8.744482874255554705e-03
9.938060971022899537e-03
2.107147351193949802e-02
-7.428020524207545883e-02
3.373301335904743681e-03
9.582667997965588214e-03
3.190687545484083287e-02
-1.863502861804833266e-02
-1.743948374012371794e-02
2.365133835979804644e-05
2.063803418607124129e-02
-3.224886386424841156e-02
-3.622059414584466452e-02
-4.152914294947240847e-03
1.508811522600606025e-02
-7.599214437437074032e-02
-4.989465799575709681e-03
1.710318223694318185e-02
4.317630046647069619e-02
-7.468696835976551540e-02
-3.789819200539179533e-02
1.250818152478450074e-02
4.043169441233773753e-02
-5.222077150963588821e-02
-6.118825579090270139e-03
7.224487636651177880e-03
9.977141566829939023e-03
-3.547665870374161479e-02
-2.239309726880356344e-02
-2.069780212932581520e-02
1.626348238874730789e-02
-8.258478287218595781e-03
-2.754376314748396837e-03
5.596015192212089318e-03
-5.414900878347062019e-03
-7.328055812222422638e-02
-3.508948879666862197e-02
1.622393587033532647e-02
1.462896738313768097e-02
-1.972169324433625803e-02
-1.479795893786839400e-02
-1.171667213932137130e-03
2.043236164316186709e-02
-1.648053281411199222e-02
-5.693889736540613811e-03
-9.570171328796117649e-03
1.556096680465346438e-02
-7.384046871063887352e-02
3.757597289157921239e-03
8.479943735426154205e-03
3.276494825432618718e-02
-7.615396096978566121e-02
-3.834543684436120259e-02
2.290634789216450251e-02
1.258984592978995565e-02
-7.136239936750721213e-03
-3.774958863964394951e-03
1.298485000522209276e-03
2.463783178505707383e-04
-3.143177409990860482e-02
-1.485628280784268007e-02
-1.180834963058652320e-03
5.583500973469046613e-03
-1.557245554993991199e-02
-7.107099955353524123e-03
-1.008436897872466709e-02
3.013888426769506523e-02
-3.742615606201704637e-03
-2.419059976582094151e-03
6.190757769836130464e-03
-4.762587380604088594e-03
