5.354088474940255082e-01
1.034138535126004399e+00
-7.654007395535131764e-01
2.200823090107917324e-02
-3.435235227216537623e-01
-5.820690252934070941e-01
-1.194377771691350176e+00
5.361646515162306059e-01
1.796972615305918453e-01
-6.548491639105122886e-01
8.195509904813889079e-01
2.824268129813560790e-01
1.524765266414732423e+00
1.088465490685081249e+00
6.436510571434439498e-02
-2.232886178414091205e+00
-8.042371126819602978e-02
-2.731815196504641108e-01
1.166216930835204835e+00
7.126507014692009534e-01
-7.623792872473700299e-01
8.295828686462698442e-01
-8.336232474376146229e-01
-1.310402259091034693e+00
7.737939104388829037e-01
8.180438356535120192e-01
-7.304999432630410183e-01
3.002074171258897195e-01
-6.677796442765782103e-01
-6.177629292395749872e-01
1.294725350877953929e+00
1.063429681419620465e+00
-2.024604146165685847e+00
1.675651879753786488e+00
-1.150425724591357834e+00
-9.465011989607745591e-01
1.451467312775605478e+00
1.171674194819686932e+00
1.082048773212136439e-01
-2.210518861559521042e+00
-8.801731369166532204e-02
-3.413101789270172048e-01
-6.879589943029316146e+00
3.294108608042108699e+00
3.572781010376715471e+00
8.853230268097007638e-01
7.118284334944178227e-01
-1.494961218713882545e+00
3.522284109850915002e-01
8.514192447453439172e-01
-5.656683808074660647e-01
3.308417680093782565e-01
-3.511033753270282887e-01
-7.132458790950835237e-01
9.699184253200456851e-01
1.606880264467278607e+00
-2.632568571618307374e+00
9.567505625061016872e-01
-7.268408701044535292e-01
-1.428205830245161678e-01
4.658731035147809507e-01
-1.000780228168821395e+00
1.023872458668279251e+00
-1.262885000753357190e+00
6.788300462348502151e-01
1.463179108487508984e-01
-6.634018543999786743e+00
3.366579423081418554e+00
3.076441133125825900e+00
1.199509573725364930e+00
5.648766197889045770e-01
-1.496273105672557335e+00
-6.790080831919084403e+00
2.854968216952229909e+00
2.392459674333409225e+00
1.130697249708319418e+00
1.174053841220697336e+00
-1.033366428520494651e+00
3.760180412094484836e+00
2.050838257044205193e-01
-1.483163402277000387e+00
2.082755227025160139e+00
-1.983343406322745750e+00
-3.247356153468430762e+00
2.271669124897044867e+00
1.267809126994563940e+00
1.697757538627939766e-01
8.533210278832825679e-01
-3.384903800812637087e+00
-1.150353976200904071e+00
-6.857132378209570334e+00
3.681913779449786261e+00
3.421586182826558797e+00
9.983028502139603688e-01
2.186926976400087597e-01
-1.423351274507112407e+00
4.502197587253732536e+00
3.306811070861101598e+00
-8.295562051050779928e+00
-5.678892294207571467e-02
-1.228107081643514675e-01
-1.545339898798800959e-01
-3.472287340522072441e+00
-3.822044930891792092e+00
4.896397225618628113e+00
2.554013810558330988e+00
2.638545209386222723e-02
-2.973349446293696019e-01
2.321593369315706923e+00
1.275581386723189325e+00
-1.814359247175033829e+00
1.656328390438972065e+00
-2.034041341502003775e+00
-1.904415316548096371e+00
-1.063658384548205049e-01
2.304709601434751676e+00
-2.859360010394851770e+00
6.497468567488908775e-01
-9.134934805467764818e-02
6.240416226030731650e-02
-2.671496721061870971e+00
5.856650597849522910e+00
-4.826935078073958607e+00
1.051642386474114232e+00
1.378643281638389340e+00
-9.816031888904177549e-01
-6.670105552462246123e+00
3.332439343394113962e+00
3.478931633307027482e+00
1.046769470076355901e+00
3.678174028745218038e-01
-1.486649400651614883e+00
-6.809539378448477009e+00
2.745376438152192122e+00
2.691530195895396105e+00
1.184551910243669681e+00
1.192764248201058308e+00
-1.256304401501751045e+00
-7.608171929899043562e-01
1.699358642903419536e+00
-4.147687444037444493e-01
7.605452597843793683e-01
6.373161821808537297e-01
-1.894147052258631447e+00
5.056418217012463856e-01
-1.062424190084271913e+00
1.033840215686723241e+00
-1.233457988325270094e+00
7.190081769875149575e-01
8.662364789056198333e-02
-6.757606770719434053e+00
3.188501236410672846e+00
3.465482013518922599e+00
9.010296369317956078e-01
7.325150953546000210e-01
-1.438719260727580718e+00
2.473149720681306007e+00
1.509281957919526462e+00
-2.076900072231339323e+00
1.365627991390567786e+00
-2.038049582092909873e+00
-1.744744097615864575e+00
9.851693020781340238e-01
1.517840971913912540e+00
-2.533666997125365583e+00
7.881297604016452851e-01
-5.679106816549364112e-01
-1.568395775541517878e-01
-3.424813382918472371e+00
-3.705309301097386765e+00
4.821737850593024177e+00
2.480382420515880426e+00
-3.570841395450941036e-02
-2.462234658380708652e-01
-6.426130727102119522e+00
3.361158820026091121e+00
3.563827523525461061e+00
8.965888711314704551e-01
6.372745763318192758e-01
-1.930021108718520395e+00
5.207175888172344003e-01
5.700891014259354961e-01
-5.312191593586703675e-01
7.025000955266023084e-01
-6.714329849166347230e-01
-7.064989103715788588e-01
-1.333824059748863533e+00
3.354928474150682405e-01
-1.653583373763467534e-02
-5.120332666030691371e-01
1.031140732595673626e+00
4.339644659505950131e-01
-1.004249741483818070e-01
1.814253371614483967e+00
-5.090253467745071703e-01
1.112162138244400467e+00
-2.046107995189771600e+00
-2.226289040589506385e-01
8.892945035040327184e-01
4.217697690865236382e-01
-4.864198271808248819e-01
4.968231380242400519e-01
-4.888161437532545506e-01
-9.521067084743322084e-01
