-1.905386871338898835e-02
-7.382151154835758788e-03
1.501986332774363220e-02
2.309749772002933632e-02
-1.787107447319979947e-02
2.165702083992915306e-03
6.463165885609134520e-03
2.030371951340814718e-02
-2.454543959009036769e-02
1.139540369816027798e-02
1.139633967613651322e-02
2.680334247180793383e-02
-2.088379492954195449e-02
-9.080170363286343971e-03
1.318762015194829829e-02
2.244691102876950062e-02
-2.025298075345460802e-02
-9.649480118103070936e-03
-3.553191511529218971e-03
4.767002027809574827e-02
-2.231033120822178972e-02
-2.699378293868237577e-03
8.523383460899980335e-03
-1.321488106654777894e-03
-3.765687130162342910e-03
-4.034462600501997898e-03
1.063270095214874367e-02
1.073055850065052219e-02
-2.580397592706717980e-02
-5.177445844538608455e-03
-5.176133116189474137e-03
4.612323680946261995e-02
-2.225463655353632220e-02
2.922349918669020497e-03
3.892421532327050571e-03
-4.352952709729684955e-03
-2.236634830504380389e-02
8.483816687150813607e-03
1.486119230708915495e-02
3.027054483209790092e-02
-2.180898488251781231e-02
3.816560481544550854e-03
2.554807896247246468e-02
2.554878429954965391e-02
-2.231274484486456267e-02
-2.699626265651566825e-03
8.523985233075181966e-03
-1.321651221388275843e-03
-3.764714950767800161e-03
-4.034896650081831737e-03
1.062794423769153340e-02
1.072948495913461642e-02
-2.297720502397515574e-02
-4.504396403880894795e-03
7.933598502456895574e-03
4.099018924698483168e-02
-2.631115003036765820e-02
8.256806395841476132e-03
2.190881182455584053e-03
3.477854219017206816e-02
-2.492701359648497039e-02
3.318455814828258355e-03
3.320608005691783049e-03
1.706885970346205816e-02
-1.653392021668298462e-02
7.636222358220479123e-05
8.857323745538492332e-03
8.859624548546385370e-03
-1.905381219042578955e-02
-7.382603613690807975e-03
1.501805849151982564e-02
2.309676376409952603e-02
-1.787168628244617530e-02
2.163938205721027686e-03
6.461597197725099662e-03
2.030442970958246107e-02
-3.947717745065837391e-02
6.488116193716697566e-03
1.342333228627357045e-02
1.315055368776496536e-02
-1.420595206910735264e-02
-8.216921935984888847e-03
7.492844016139477148e-03
1.517263466041662845e-02
-2.297764532200741172e-02
-4.503903587497859462e-03
7.933256628222862261e-03
4.099066698103182027e-02
-2.631184718319645732e-02
8.257303677837279920e-03
2.191139739001091158e-03
3.477899917010485176e-02
-2.225770714243391346e-02
2.923280303179565109e-03
3.890505204826144592e-03
-4.353886515203297947e-03
-2.236651426745850380e-02
8.483057707898700173e-03
1.485867232966620044e-02
3.027046258496657316e-02
-1.640376405600929566e-02
-1.640194882654300024e-02
6.178355116539524516e-04
2.592379688513779534e-02
-3.947710164131779109e-02
6.489124211769059514e-03
1.342184249783429095e-02
1.315030472802769523e-02
-1.420668308169159566e-02
-8.214793554111032847e-03
7.492425822396731050e-03
1.517319329110966564e-02
-2.088567501339610999e-02
-9.081534382480604961e-03
1.318820895886441136e-02
2.244492230620109829e-02
-2.025055482039861410e-02
-9.652453867804000609e-03
-3.554663471557084620e-03
4.766968960457562687e-02
-4.422951642949479734e-03
-4.420016158315887012e-03
1.110385923553725007e-03
1.823513266843246328e-02
-1.115423425784234368e-02
-1.115199478224870866e-02
4.721846460984169269e-03
9.270214699304224482e-03
