9.767088794062459556e-01
3.409855200745155912e+00
-1.852519254002558569e+00
-8.969791632083286004e-01
-7.471499489482766876e-01
-9.956398776443933230e-01
1.218625931877340918e+00
-8.233136042078115224e-02
2.864015855100959129e+00
-6.866800807092516834e-01
-1.718877048570504940e+00
-1.814286982625105793e+00
2.386659454153814863e+00
2.386450129800337550e+00
2.342700336811134321e-01
-1.728673458085182801e+00
-1.602270704611612473e+00
-1.602439271833929979e+00
8.898451492427454923e-01
3.555035772967244156e+00
-1.429474490169383216e+00
-9.280519030603784358e-01
-9.741181990745246821e-01
-1.252781878729052778e+00
4.697001079382630451e+00
2.314395985310625292e+00
-3.271886299245608143e+00
9.292649063891076366e-01
-1.759335460608539847e+00
-3.922577813633395749e+00
1.225590549196994061e+00
-1.765135908058070413e+00
1.038920205801090901e+00
-6.051377332752849725e-03
-3.499831522061924716e-01
-1.279006323653533173e-01
1.267016057522170058e+00
-2.876009088945608028e-01
-2.752726105347989005e-01
-3.424580315175091982e-01
-2.721299018204774711e-01
-6.286343194516064159e-02
2.658292249178359157e+00
2.658036350507643419e+00
-7.165348679829151024e-01
2.171330974374683365e+00
-3.837194396248406747e+00
-3.837411460346544345e+00
1.098061527382654390e+00
-1.554764884187903817e+00
1.124837214312520928e+00
-3.261061164407976776e-01
-4.773214721923437764e-01
1.653854288805121087e-01
3.207827183043406194e+00
2.214391233073683907e+00
1.911131658010276624e-01
-1.832050868509753627e+00
-1.736477817629619835e+00
-1.992176037544396650e+00
1.100661553339904231e+00
1.196418628857912836e+00
1.196413161804272818e+00
-7.511818996224377543e-01
-7.512873535976609674e-01
-1.902655496921440204e+00
1.225709758544212491e+00
-1.765060793401048045e+00
1.039025800382631815e+00
-6.110177788926307585e-03
-3.500710367038948334e-01
-1.280633628533394130e-01
1.266848328383844091e+00
-2.877384686429991234e-01
-2.756284600122711481e-01
-3.421347710591930991e-01
-2.719257515295652183e-01
-6.270852610273891514e-02
2.305493112332413830e+00
4.968485908990345479e-01
8.203109835732220745e-01
2.648841177829424964e+00
-3.900861806633386664e+00
-2.373105520526337386e+00
3.737297380924928802e+00
1.037051071578517281e+00
-2.345737695844292148e-01
-6.322092014984406205e-01
-2.266329614352088129e+00
-1.885515490587778231e+00
9.976164819633908110e-01
9.976787668178559443e-01
1.458752582343180393e+00
2.319977822601515527e-02
-1.828625894422060583e+00
-1.828647393039716462e+00
4.900624150672143742e-01
-2.079238775446867749e-02
-2.105170973422332281e-02
-3.036267096206444194e-01
-3.035582425158906972e-01
1.802636845157365997e-01
9.766184907211084010e-01
3.410146479468849634e+00
-1.852915821331748703e+00
-8.968921442472037597e-01
-7.470064002094858324e-01
-9.956697001876335662e-01
1.218887191521531577e+00
-8.243806704749090386e-02
2.863752680923553839e+00
-6.865683278107468368e-01
-1.718710417372861343e+00
-1.814463761972561429e+00
2.203817661845917542e+00
-8.672843616803902478e-01
2.389356214063951711e+00
-1.034176223343195034e-01
-2.006920494727992832e+00
-1.759566055556874176e+00
1.722876757022376637e+00
1.132301210634892641e+00
-8.254014360399963834e-01
8.166980649298949402e-01
-1.672620669876110355e+00
-1.474486716723248492e+00
2.305421539357894289e+00
4.970016292870980124e-01
8.203467412587173158e-01
2.648936665046520034e+00
-3.900859412538409288e+00
-2.373328852036991066e+00
3.737075840875021981e+00
1.036958222284042108e+00
-2.341315908790022604e-01
-6.324291682685156957e-01
-2.266380348086087793e+00
-1.885362655978781277e+00
1.098026969048618184e+00
-1.554516812565253758e+00
1.125067337111858023e+00
-3.263133212861930588e-01
-4.775356130515007180e-01
1.653618837094370519e-01
3.207705326592716233e+00
2.214596042861799674e+00
1.910914285533777957e-01
-1.832141091104190878e+00
-1.736520834202977426e+00
-1.992101024315672930e+00
1.295371675928976174e+00
9.600229979042040895e-01
-8.950715313813475404e-01
9.599823574369992230e-01
-8.951013727373577922e-01
-1.467112150834239515e+00
2.203609281408560605e+00
-8.669731042129882326e-01
2.389359274417756751e+00
-1.035106634304412410e-01
-2.007018343853275155e+00
-1.759479433134302440e+00
1.722618277975627166e+00
1.132558608651052623e+00
-8.252651531786483474e-01
8.166537193791043592e-01
-1.672617083890443723e+00
-1.474577655556700506e+00
8.899567115290381025e-01
3.554955328819517035e+00
-1.429282072931968628e+00
-9.281827094039982740e-01
-9.740648097911730474e-01
-1.252924676982473784e+00
4.697223716768093027e+00
2.313945266668568479e+00
-3.272111039711006697e+00
9.295268720923957062e-01
-1.759161020724690161e+00
-3.922575448711100421e+00
7.771379722162379267e-01
3.179827745846353082e-01
-3.969680821961247830e-01
3.174984662198596652e-01
-3.972852252464491585e-01
-7.070906543584811743e-01
1.784948612168378190e+00
1.149552224119631205e+00
-1.586218492027953175e+00
1.149421349075680610e+00
-1.586382923419833446e+00
-1.254230652649624744e+00
