1.716208523482293913e+00
1.438542158028056406e+00
1.053110647922281373e+00
6.779265700776164749e-01
-2.511766776584011041e+00
-2.528742965949035693e+00
5.764734604629637715e-01
3.075480883282040168e-01
-1.702000619422392447e-01
3.164930249809998486e-01
-2.021612017030207653e-01
-9.026911177787440010e-01
2.122234121149503494e+00
1.102744875909053235e+00
-1.655254752984177458e+00
1.102710933577910168e+00
-1.655337835778567523e+00
-1.390568744439818261e+00
1.320675409647719789e+00
1.341202193004590981e+00
-2.380879098183939391e+00
4.547973080194225304e-01
-3.856431467643801625e-01
-3.339055778226196480e-01
6.079541321555979039e-01
5.209735051893460422e-01
2.288954527764843760e+00
-4.251639290967261786e-01
-1.636917361733736698e+00
-1.483435607978620396e+00
3.071098474829909719e-01
3.909527131951620049e-01
-2.980081108607066653e-01
3.910786094243974276e-01
-2.977287246625195394e-01
-5.576611016893622264e-01
2.072897698961455148e+00
1.102438778086394677e+00
-8.952159709799616394e-01
7.868177739282344874e-01
-1.839917717064565750e+00
-1.563198500277664493e+00
1.592090714905111781e+00
1.277414387715253952e+00
-2.601480921867718621e+00
6.790674214759349070e-01
-7.475958129534632235e-01
-1.880361618808024105e-01
1.112629225152772960e+00
7.749406748269933587e-01
-7.316485349586798748e-01
7.746456031738375714e-01
-7.321606285834576511e-01
-1.226482123030393723e+00
4.518055949540809024e-01
5.095200213666544187e-01
-1.161613390658544631e-01
1.099243054796943397e-01
-4.006582203349324800e-01
-6.192186676430821990e-01
3.800234848732202408e-01
3.018571953721504997e-01
4.501335828341410661e-01
-4.897298104430660715e-01
-3.107185131799781175e-01
-3.492126561205282087e-01
2.750014463755164229e+00
2.147343194188707116e+00
1.199028864231422631e+00
5.448477545907337571e-02
-3.416967450059516409e+00
-2.734276863097534260e+00
5.764863733451193184e-01
3.076481350882573906e-01
-1.701940363345642027e-01
3.164518990185172242e-01
-2.022642208682157161e-01
-9.026701138580648376e-01
7.263735524226433427e-02
2.036571497271637554e-01
5.266071805133378803e-01
-1.909711376101626001e-01
-2.765868234023542982e-01
-3.434235955693196729e-01
1.495611728443336119e+00
1.758603569253025967e+00
1.758529199758953609e+00
-1.236983969511015857e+00
-1.237264124326230785e+00
-2.457382449384439838e+00
6.079098499404409495e-01
5.209154270402649445e-01
2.289097685181573638e+00
-4.249834205154883193e-01
-1.637096199591596246e+00
-1.483471503206985176e+00
1.511802166980942275e+00
1.090205274926518086e+00
1.395989884408848525e+00
6.995198652407452755e-02
-1.927992322161472316e+00
-2.392508908768931519e+00
2.149304682466635086e-01
2.147979731547877691e-01
-1.074008082834865263e-01
-3.483891281781268390e-01
1.103296616631155302e-02
1.076937453662196731e-02
1.592498196805422594e+00
1.277463615763579696e+00
-2.601936643836125995e+00
6.792224422231072367e-01
-7.476512842331288766e-01
-1.881572642830491304e-01
6.263551636457549421e-01
2.373738323897356395e-01
1.955407862892172943e+00
-6.552757064004310905e-02
-1.386474844596349953e+00
-1.468664147927469799e+00
1.085231701804985960e+00
1.085138526089920674e+00
1.410087365697904715e+00
9.061096186897543703e-03
-1.893173784506188895e+00
-1.893120055704699212e+00
3.799061951615954058e-01
3.018706980967635900e-01
4.497949355816501793e-01
-4.896656996553190311e-01
-3.107630672283789863e-01
-3.487810564640767552e-01
2.749699721114268414e+00
2.147180028894482007e+00
1.199448012283042431e+00
5.453502095656403981e-02
-3.416870837815409345e+00
-2.734342519536028249e+00
1.716343025492761853e+00
1.438795844860408124e+00
1.053132857034299263e+00
6.778696488206890081e-01
-2.512021291830933478e+00
-2.528865554762759871e+00
4.329637651921132147e-01
3.434074012214693994e-02
-7.426246299201011425e-02
3.397620295582726158e-02
-7.439087857345327848e-02
-3.813858546085668877e-01
7.279362531681954351e-02
2.036240284340635753e-01
5.266767556416596108e-01
-1.910561724928641070e-01
-2.766012761475877824e-01
-3.435199108978395088e-01
1.320784191529497775e+00
1.341294000037720480e+00
-2.380711305104455278e+00
4.549097905262726727e-01
-3.859810230870408532e-01
-3.340584865697309169e-01
-7.741408133804839053e-02
-7.792160853915675034e-02
3.599520677102105992e-01
-2.624969464974071798e-01
3.859527306352106280e-02
3.839679388015326822e-02
1.511843015536101120e+00
1.090420018696320881e+00
1.396297633989718179e+00
6.960023249776270404e-02
-1.928072901021337771e+00
-2.392654803898665250e+00
2.072414846294051927e+00
1.102624534953122293e+00
-8.954992351328598943e-01
7.870831770519828297e-01
-1.839959517510038722e+00
-1.562827737223742020e+00
5.583728292172907004e-02
5.565748757244648459e-02
-2.734824668282556104e-01
-9.237470976627548680e-02
1.235630038077459858e-01
1.230879059111913421e-01
6.257923409298911110e-01
2.372482056673987927e-01
1.955796546661161983e+00
-6.569638826458401581e-02
-1.386320020347426407e+00
-1.468336877425699072e+00
4.517853204219619556e-01
5.094352038656495552e-01
-1.161661610346698126e-01
1.100616119445163577e-01
-4.006395652297101151e-01
-6.192649481514962417e-01
2.092713146332982888e-01
2.089302755660753519e-01
-1.733514264852118458e-01
2.589216386414108229e-01
-2.707610666064397265e-01
-2.707815420021830732e-01
