-2.489394763803542965e-02
-3.288731860470184287e-03
-6.143182020975412883e-03
6.052174979420898993e-02
-8.884277290369224644e-03
-8.062486440668870102e-03
6.484595626629507947e-03
5.003799219810201038e-03
-1.647136589841813326e-02
-1.647000099398732154e-02
7.868966162816182219e-04
2.456360173200122787e-02
-1.467851637465056314e-02
-1.880069630813885340e-03
-1.345826417281936749e-02
1.882851742438051978e-02
-1.611708711210746436e-02
9.400903684263939297e-03
-1.941747359786027971e-03
2.585035350916320418e-02
-7.515399690206203687e-03
-7.514310400329016204e-03
-1.882171242258312560e-03
2.825334684153646414e-02
-1.945823927592948976e-02
-1.348692761339287394e-02
3.589020190633229745e-03
2.786898451220398698e-02
-1.204298192191322059e-02
-2.322608787133528807e-03
-1.176584886255005458e-02
2.165452107245080526e-02
-5.640984155501183039e-03
-5.639251862009198035e-03
-7.107552636691716330e-03
3.708543712067990938e-02
-7.793493182665311991e-03
-2.834828211487394611e-03
6.924163768835533972e-04
3.169480265142965436e-03
-6.380800425256571984e-03
1.901150122944228471e-03
2.036606909436411428e-03
3.963601927089888122e-03
-3.027492899463979370e-02
-1.640042870013802556e-02
1.366591050209775560e-02
3.949187157240197088e-02
-8.884414170061027960e-03
-8.061855362013981008e-03
6.484407577969086844e-03
5.003386484458749450e-03
-3.871781425407894162e-03
-8.354361800677612138e-04
2.290347763618694188e-03
6.252361166199538189e-03
-2.350438219703310239e-02
-1.438760316155418550e-03
1.994203594651322575e-02
1.994429230228367267e-02
-1.611566110036100063e-02
9.397365827906067892e-03
-1.942243056071824014e-03
2.585169980922308319e-02
-2.596647552978748053e-02
9.587664598584844100e-04
1.037814095994549213e-02
1.983826857865067517e-02
-2.097077505473166070e-03
-2.454024568261381489e-04
-2.429598323259174464e-04
-9.546902190886275008e-03
-1.204312669835339022e-02
-2.325166113264609535e-03
-1.176601677482924657e-02
2.165707761061508307e-02
-1.211249499715605360e-02
3.804845854344707234e-03
-1.589337703761239950e-03
2.589121823089834962e-02
-2.363261498270863292e-02
4.610088011848922918e-03
4.610257164037401267e-03
2.038308278838640852e-02
-6.379708914714399270e-03
1.900937242855116338e-03
2.034117619943431876e-03
3.963423953121880672e-03
-3.027537685554082536e-02
-1.639935834587347152e-02
1.366618530034724444e-02
3.949073072753694902e-02
-2.489685887083692428e-02
-3.288482828625038934e-03
-6.143617367670772822e-03
6.052417691463030103e-02
-5.173494151361701654e-03
-5.171863666209919330e-03
7.711875443852100886e-04
4.097254295956309633e-03
-3.872991868132169557e-03
-8.340514807179122414e-04
2.290361621153591543e-03
6.252529027654052385e-03
-1.468013467989548460e-02
-1.880460388056226506e-03
-1.345941858987242945e-02
1.882972407062921683e-02
-4.465934892977863058e-03
9.914482781185895988e-04
9.933151933829709179e-04
-2.792378988753396740e-03
-2.596650778880160715e-02
9.609365801288571873e-04
1.037685790865761071e-02
1.983772484587165152e-02
-1.945588989584168260e-02
-1.348745097507197954e-02
3.585815799399094672e-03
2.786835106514362614e-02
-8.904866400884392519e-03
4.141994443592311725e-03
4.143920371301623717e-03
7.285455845434718469e-03
-1.211214871066812471e-02
3.807011414694416729e-03
-1.588994158049361616e-03
2.588848856097558659e-02
-7.793147623036622562e-03
-2.836428884165576036e-03
6.909512172443843525e-04
3.168338149520000258e-03
-4.286944597359898523e-03
-1.060399541723322514e-03
-1.057270475619986883e-03
1.980351195853602420e-03
