-4.034789557174001118e-02
-6.992630955751977240e-03
3.367410573475759783e-02
5.479055430093060508e-02
-2.991047392822898665e-02
-9.410927184218431663e-03
-1.165691822093739560e-02
5.039597496343173333e-02
-3.870259609128123834e-02
-2.115490085361848571e-02
-3.127517038953531170e-03
9.269850945151891786e-02
-2.702196080415819601e-02
-2.410019166470411811e-02
4.200142933367434495e-02
4.863330919600272750e-02
-5.649310714620070506e-02
-8.258829858343030850e-03
-3.154222198624712092e-04
1.409383522567986269e-02
-2.210768443427801877e-02
-2.829504390840975603e-02
3.138932645178904579e-02
4.175516125069367313e-02
-3.730633367068847406e-02
-8.005393177158426354e-03
3.603120029245188150e-02
5.916044662702302226e-02
-6.315405935010343086e-02
-5.713791209832175255e-03
1.393567585772825801e-02
5.249457362194087651e-02
-1.002849673965489075e-02
7.926238029107413041e-03
2.904327286354391191e-02
3.774818627562059881e-02
-3.033965968051077766e-02
-1.810953332390718984e-02
2.079934055867016518e-02
4.387505764964960697e-02
-5.578849566249033387e-02
-3.132980595835332949e-03
1.606195085784944965e-02
2.942223286877654331e-02
-1.809991760615781153e-02
-8.364642780052111704e-03
2.381190322684911820e-02
2.465384702676742812e-02
-4.471934779384434400e-02
-1.061446026039569723e-02
1.169304541055682378e-02
8.135218000250721282e-02
-1.927829151823634568e-02
-1.375972606093966988e-02
1.797697061658865003e-02
2.618060605153993414e-02
-4.412718154998440667e-02
3.807236412704417816e-03
1.874777333692945192e-02
2.557765653696808528e-02
-2.545673715432661410e-02
7.438680351732340768e-04
1.017408166028643812e-02
4.682544106288388797e-02
-7.169814435016341747e-02
-2.484587845851682353e-02
8.675447327193941405e-03
4.052798301617333010e-02
-2.592955755627812664e-02
-1.454120378974277372e-02
1.239065046543208481e-02
4.018762062062308793e-02
-4.580634608329559043e-02
-3.019270860988321203e-02
4.269844555540269759e-02
5.875561501166859379e-02
-3.446447628306792410e-02
-3.417326945247167735e-02
2.940751132337093843e-02
3.109577081367520535e-02
-5.195617963620868807e-02
1.087078704575783483e-02
6.341541188643540217e-02
7.035718443862615246e-02
-5.007003557694766904e-02
-7.462941247527554722e-03
2.275622952176381553e-02
1.109582932444497239e-02
-2.394098813829281802e-02
2.921660699894967905e-03
1.387154070447627063e-02
2.970903828130211366e-02
-3.247407142331359964e-02
-2.938460345380811134e-05
5.241651531607605108e-03
4.827743475172829868e-02
-1.862507348964270726e-02
-1.458527570068568480e-02
-6.353277944020963020e-03
9.034317934627544844e-02
-3.440117243949347703e-02
-1.293011474086158685e-02
2.714043199964266684e-02
2.100126123843915060e-02
