3.572568784389289931e+00
3.413530471055992166e-01
3.872147928788422178e+00
-4.795877212740919049e+00
2.348540437106080958e+00
-6.857084503286458244e+00
3.189515828748810122e+00
2.713275644245726426e+00
-2.589386977956223745e+00
2.598008827265516629e-01
-1.839129864215237831e+00
-1.921182393605249672e+00
3.829353656929328054e+00
2.615859617020021233e+00
-1.399220530868547030e+00
-2.481210674273341965e-01
-2.182245616594428839e+00
-2.687372046074912646e+00
7.656904526451015158e+00
2.016428977257191946e-01
-2.040436352617007287e+00
1.285880987578735812e-01
-2.451618203404620999e+00
-4.726710555689848547e+00
8.497848524068842835e-01
2.791671866905588217e+00
2.691715613206511648e+00
-1.215652476569530904e+00
-2.431032283039897379e+00
-2.972506900436329147e+00
2.910000682800742311e+00
-2.463368948163292771e+00
-3.739887112962350102e-01
2.142446477069285038e+00
1.330514022468648250e+00
-3.526745668010448753e+00
9.949036757918719331e+00
8.684632015480531209e-02
4.823348194897931762e-01
-4.349297590069213015e+00
-1.245567668871345290e+00
-6.835555089075626256e+00
7.061295614085025818e+00
3.497574531219001415e+00
6.797250495384901114e-01
-1.991602548466616440e+00
-5.258386671660545630e+00
-5.566582533128965338e+00
1.137556994645564146e+00
-2.242094087243387435e+00
2.502042345671995349e+00
1.149883035798652031e+00
-5.923072492166596703e-01
-1.903268630647204418e+00
4.124012393061775583e+00
-2.600843442958307605e+00
2.699503999114000408e+00
-2.983293339845431547e+00
2.693354413861726471e+00
-5.300739618147019883e+00
1.677445140441520266e+00
1.731422634480040301e+00
2.099876778555824330e+00
-2.381668904002140152e+00
8.492864383495657421e-02
-3.637142265794636842e+00
2.396780813701255397e+00
1.608345706138223363e+00
7.952546158870319459e-01
1.413624807062475952e+00
-2.324910019102830461e+00
-4.477584456435053539e+00
2.407136070220744273e+00
2.302259515424594838e+00
-1.370447549439205659e+00
1.532045941150101953e+00
-3.491897141117021874e-01
-4.650399422955231898e+00
2.352621089339550053e+00
-2.577661770435923927e+00
1.547861219360399332e+00
5.790065834204227713e-01
-5.201716199258896722e-01
-1.330528194982633750e+00
2.306042451318703002e+00
8.842604615351064012e-01
1.968386316772523514e+00
6.258661536220557764e-01
-1.956938667681242805e-01
-5.620075323383005639e+00
2.402390965079504781e+00
4.797000942062084050e-01
1.616305130408719037e+00
-1.039235054906598066e+00
-5.157492830063006295e-01
-3.314724466102916267e+00
3.614045854233197019e+00
3.498632401601000197e+00
1.215678377178576852e+00
-7.020808404724903085e-01
-3.819740451851444618e+00
-4.736795400224565356e+00
2.988078452029313326e+00
2.076989275875689600e+00
-2.487850334322416757e+00
3.380951443848800864e-02
-1.286486472644341461e+00
-1.395586752276585685e+00
3.567383678937858349e+00
-8.822846190471977934e-02
9.052717744951053191e-01
3.816578362252798229e+00
-2.134288290260286658e+00
-6.307556679035499769e+00
6.505413554971937629e+00
-3.593121846711113676e-01
-3.576185043879547720e+00
1.499631683993428055e+00
-1.067467948623601615e-01
-5.153945778675193878e+00
6.959081564629954642e+00
3.515472181711572830e+00
4.701064997721559280e+00
-2.166769574881939775e+00
-6.958364320903939415e+00
-6.827511957594552428e+00
1.203261249225505480e+00
4.752755725206498028e+00
2.135741165749152515e+00
-2.445310487309129144e+00
-2.363832219258881651e+00
-3.858112020152020705e+00
3.598411853446279451e+00
-2.982567882918374380e-01
1.535489506848790597e+00
-2.642598238169568958e-01
-2.644587219356338892e+00
-1.858479774042677946e+00
4.895251837881019696e+00
1.248961015643175188e-01
-9.968124084412011143e-02
-4.475197109861710487e-01
-1.772618733520047840e+00
-3.160773385390342582e+00
2.436669935243230611e+00
2.801599572200814237e+00
-4.224523877765520297e+00
6.524362533625492233e+00
-3.972910745345672012e+00
-5.539990523014850510e+00
3.872971408816809458e+00
-7.593302974181455056e-01
-1.225203612921177410e-02
1.325489705987223488e+00
-7.986496261798521346e-01
-4.170961171407867596e+00
