-1.666732989314184010e+00
1.170240631946199983e+00
8.559744482388538245e-01
-4.716687456507884235e-03
2.052791889622653798e-01
-6.331944032851026805e-01
-4.711840450949381420e+00
6.327250475633348969e+00
1.623855584691256126e-01
6.996433068639476005e-01
-1.859099275344391344e-01
-2.485452606270243336e+00
-7.375821971298620383e+00
6.992155934195238842e-01
3.094579656406637014e+00
1.563312098470063916e+00
3.198316531051247580e+00
-1.336050235366798233e+00
-2.832203308215355264e-01
-1.954274387058376306e+00
1.332185294387343788e+00
2.041248051861245472e+00
-2.069192257457942219e+00
9.777626088786490755e-01
-8.126964923527253859e+00
1.850860975405794306e+00
-7.697463857654767594e+00
3.448807061224286485e+00
5.858359112010120384e+00
2.690601240346893519e+00
-1.228310580054443335e+01
7.020844037366316570e+00
6.405530950663745671e+00
-3.301077234746855993e+00
4.555024102364257033e+00
-2.444459391164073736e+00
-6.058599345835062877e-01
-1.228747181638439656e+00
2.539152263390036524e+00
-2.659185437676256925e+00
1.165045713698432905e+00
6.799839360833885848e-01
1.518343038716267301e+00
4.183679607997916605e+00
-2.329858355055762331e+00
3.896275555524567835e+00
-3.721225946366828907e+00
-4.879254161903645581e+00
-2.470220410601442040e+00
-5.761529604127190396e+00
7.479751698878516208e+00
6.901742128113625085e+00
-6.426320191430320961e+00
6.818582529907786238e-01
-6.626616121029144324e+00
2.285522529746302212e+00
2.532369148580770002e+00
4.788007094914803474e-01
4.534399130721183724e+00
-3.152590830423022794e+00
-6.782369171422544696e+00
-6.805068081269737945e+00
7.823515862522967268e+00
3.353335181443583224e+00
6.528508728471251743e-01
1.205359142779514059e+00
-3.683072925104184492e+00
5.482413339436362776e+00
9.152851168369835477e-01
1.862774494620396126e-01
-4.003723757667501104e-01
-2.663283465681701045e+00
-5.274864200234802070e+00
-1.395720067517704877e+01
7.876985099590299910e+00
1.053772041186394404e+01
-1.214588856033117281e+00
1.866965535458618319e+00
6.733490175429949431e+00
6.530747240312635427e+00
-7.595363358201652204e+00
5.828985330024039513e+00
-8.459181143057364238e+00
-8.681194461647365301e+00
5.100860158915310194e-01
-3.215889531440495830e+00
2.081302818182152237e+00
1.766724667905492652e-01
-1.944088146111056403e+00
2.384245719264868058e+00
-6.543185720921982806e+00
1.882102893110470632e+00
5.182780391304461887e+00
6.067515964147673913e-03
6.836127377984979603e-01
-1.124943298340994602e+00
2.167734674324634625e+00
-1.365015624075638812e+01
8.191333806350385771e+00
8.233816509399488837e+00
-9.249404690085256675e+00
5.366668251530668954e+00
-6.837967137493734526e-01
3.001462627535261163e+00
-1.878219892887315723e+00
-2.587826194316662054e+00
1.261323238205974917e+00
9.387717919525755406e-01
-6.814622544214600453e+00
8.477929658529433254e+00
-5.610129673660651406e+00
-1.021689272372967139e+00
3.788305391859225324e+00
9.290941666452994241e-01
-1.348432308629141119e+01
3.138879938785237300e-01
6.840072125727459706e+00
4.113961443430810050e+00
1.363530472646402814e+00
7.284403115059632228e-01
-1.562667471681649545e+00
7.320856240779392010e-01
-3.160880243025587788e-02
-1.965020888495502049e+00
2.195330927847948033e+00
5.671979996373721633e-01
4.245714137597644822e-01
1.533248993762157397e-01
-1.901981526747903217e+00
-3.749584202219011786e-01
1.138360970523137894e+00
5.477690208158065843e-01
4.325088955009832148e+00
2.169798664039220171e+00
-3.537867640309883654e+00
-9.680205966298700559e-01
-2.335429629638213100e+00
-1.401851547426531397e-01
-2.834835777077898911e+00
2.519992192802320119e+00
-1.178770760747333668e+01
-5.976724268045416011e+00
1.112228324840177152e+01
6.969968974224457270e+00
-5.743973520579032765e+00
5.517873316535570893e-01
2.905336370897174447e+00
2.433421887019576957e+00
6.194556130296007268e-01
-8.950489981088338709e-01
1.255635700924429443e+00
1.045507859938169304e+00
-2.960352339718355097e-01
-1.925470195430705189e-01
-1.157262956560600742e+00
-6.829044769351071409e-01
-5.210098298668725647e+00
5.982228236699313584e+00
1.622129809432607317e+00
1.507456196238237567e+00
6.418181544969741026e-01
-4.566499450204844379e+00
1.896484080829395680e+00
1.491140569132483051e+00
-2.559309934878726267e+00
-1.237229584941701432e-02
-5.461328027517282635e-01
-2.833077601869575801e-01
-8.634565975083333456e+00
8.127330092535373751e+00
-7.147989756982994436e+00
5.956405005076277348e-01
4.786578919823270439e+00
1.551001830626503875e+00
-2.291225999058397633e+00
-5.304972343104864763e+00
9.210642503647989088e+00
4.719768090540767957e+00
1.946255485456930501e+00
-8.885967035401506564e+00
-4.186590717632498126e+00
3.241428978745531708e+00
-4.114786335087941893e+00
1.406256630901083327e+00
4.419754074951754319e+00
-6.462456708214716627e-01
-4.105180731961155516e-01
-1.233316753841023683e+00
2.041488129840800525e+00
-2.481409246008297487e+00
1.960449040247056018e+00
1.382570907777846969e-02
