-4.967096103242329974e-02
-5.575057490748025479e-02
-2.905552800365063248e-02
-9.805003376566201467e-04
-1.053040828192954859e-01
-4.536561135734351602e-02
-2.201819716669373150e-02
2.516443524700173739e-02
-6.584663241552468627e-02
-7.815431443717102411e-02
-3.689148506302619701e-02
4.522634512513179494e-02
-1.496444612375369410e-02
-1.341525078181016184e-02
-7.919556305622466041e-03
2.151030767845396596e-03
-5.558597490670247332e-02
-3.279381834797745476e-02
-6.301115655457545373e-03
9.174347174981889452e-03
-8.892382754044092508e-02
-6.874319601104694755e-02
9.258715565503505829e-03
2.067088780332326792e-02
-7.600608560010879700e-02
-4.526584539613254243e-02
-8.866058878425064904e-04
2.091463857680464500e-02
-2.822837841125913627e-03
5.008040442918693103e-03
2.137939522526899339e-02
2.924871360280967281e-02
-9.016678289005808367e-02
-5.556320806679848623e-02
-2.088706458813849309e-02
1.705281536764746697e-02
-7.382549446291752915e-02
-3.828452938822080043e-02
2.011591459931283410e-02
2.927639906770429512e-02
-9.908697021880708000e-02
1.063926994284014604e-02
1.143230334832168182e-02
1.342503807992034837e-02
-1.084931954781762631e-01
-8.422901981638863944e-02
2.659996515503082470e-02
4.382119950777552120e-02
-9.271296757641844799e-02
-7.631355428918684680e-02
-4.176397173667845131e-02
4.184985009335995265e-02
3.696721731730945315e-02
4.167651290629481586e-02
5.310487598829061184e-02
7.207157745286973949e-02
-6.336214911932858129e-02
-1.902141657296541055e-02
-1.633719373162989541e-02
-1.563790526139685610e-02
-1.023640011249826731e-01
-6.514103178426111640e-02
6.882012690945460420e-03
4.905784887651698511e-02
-9.689464803349201460e-02
-5.050903022526398445e-02
-5.804278668439266653e-02
-4.947211745267798833e-03
-7.316473288241187589e-02
-4.463444687078244044e-02
-4.830131417665972648e-03
2.891619748010509916e-02
-1.096073609993892806e-01
-8.608454670194776170e-03
1.444005985637408784e-02
1.511103242914413336e-02
-9.466800043809686649e-02
-3.156905347336080858e-02
-2.399890758253286904e-02
-7.364913071638889974e-03
-6.523308764802893123e-02
-4.477399343400234599e-02
-3.560154510450219689e-03
2.647484391016230454e-02
-4.256627332860696278e-02
-2.381581440910940373e-02
-1.211180495601205109e-03
2.395096225332604689e-02
-4.241230228668779745e-02
-3.551229531077870760e-02
6.646466154170527219e-03
1.503813313996849033e-03
-1.246998190408112883e-01
-7.257083856418211631e-02
-3.438107239433985107e-02
-4.204570975124788390e-02
-7.776740491294109603e-02
-7.787303591404914904e-02
-2.680186581720911398e-02
3.402610715545373310e-02
-2.546242903839268656e-02
-2.179437310087339874e-02
-2.459749119513010562e-02
-4.239271245745523942e-03
-1.189710306801765594e-01
-4.119136496236652789e-02
-1.964401249909553115e-02
2.421785094195771926e-02
-2.819472698864800009e-02
1.134805193657029143e-02
1.159916124988424890e-02
1.859166583285176699e-02
-1.276163024424077364e-01
-4.222281141011308137e-03
2.016375241105539118e-03
1.523492452592467572e-02
-1.094173737196824092e-01
-4.503714253882895591e-02
-3.035303480270612475e-02
3.756592554894311320e-02
-5.048417404662886021e-02
-3.849743773873948172e-02
-1.369424707669963936e-02
6.723768134943908237e-03
-7.694219742686358998e-02
-3.956241872158949846e-02
-2.622478417555473840e-04
1.654024149878918770e-02
