-1.497839480112533295e+01
5.953708132126976693e+00
4.729261779636459551e+00
7.835950229323700000e+00
5.307769528938308667e+00
-7.752962621290919287e+00
2.158194337641958782e+00
3.323793135190115322e+00
-3.149660161448053941e+00
-4.985664665621101221e-01
-2.861399561329236008e+00
5.519840385286869378e-01
-5.563235916458694419e+00
8.130728608290382908e-01
3.319777491957950133e+00
-1.884488224538074519e-01
2.113829481156273005e+00
-3.692745643000847622e-01
-1.528930384108264207e+00
1.463167035373658109e-01
4.875758847406089558e+00
3.862031256140028290e-01
-3.615982654129226148e-01
-3.384765159055746153e+00
-3.428550648030551429e+00
-2.605677015477255054e+00
9.781583067237022533e+00
3.197478978369289848e+00
-3.524143448902137266e+00
-3.406119558411461412e+00
-3.778978116589442493e+00
-3.226614383147790477e+00
-2.656949205205407338e+00
7.982851304662673897e+00
-1.345975711497814586e+00
1.869661052685742675e+00
-7.523017181213830895e+00
7.153595156388519172e-01
5.464471290366404332e+00
-1.812273120086032918e+00
4.984885824995146208e+00
-2.187293631177567477e+00
-4.810414142732554410e+00
2.541250688895431153e+00
5.741076063600431212e+00
4.038727603583822656e-01
-1.909977850275510036e+00
-2.048389262523286902e+00
-8.952875933057811153e+00
2.172789297146465515e+00
4.415372953755650087e+00
2.134331455817530809e+00
2.009698310402782795e+00
-2.006642079935289757e+00
-1.101338879548315219e+01
5.103192573850279246e+00
8.699202739538435480e+00
-1.483128703500298684e+00
5.701144435321367610e+00
-6.998314511253596493e+00
-1.163920140912333068e+01
-6.273503114271335335e+00
6.171713346378155052e+00
4.430196100905732237e-01
3.646580978536434259e+00
6.495754455759723101e+00
-9.533487875148637158e+00
-3.056536275192357266e+00
2.950423042522501760e+00
6.794797415041102795e+00
4.938701234884874225e+00
-2.286982437852813632e+00
-5.376438819059515595e+00
5.879863879549048988e+00
6.204835431134725354e+00
-6.495896013187035578e+00
-3.689467860768601781e+00
1.007992523824285058e+00
-3.303485644630384854e+00
6.141863504908911864e+00
-5.269732325003786855e+00
8.106339115328950129e+00
-2.891626292824085454e+00
-4.648075159188934435e+00
-1.121126545757908843e+01
-1.084466386397380688e+01
1.252633349467127744e+01
8.268889588072909191e+00
7.178353386218120136e+00
-5.796946084365629304e+00
-1.194490262655756396e+01
-2.233624822211623950e+00
-3.340967224910272648e+00
9.784092421048342203e+00
4.490783339947753916e+00
3.896501540833554600e-01
-1.499737213976473527e+00
-6.698187752416330909e+00
8.252658695521375876e+00
-1.719071530075666487e+00
3.728495239763859104e+00
-3.673324605661235864e+00
4.709348243266916256e+00
1.843264489828413843e+00
-7.294283103069076901e+00
-1.895331009014228130e+00
1.459670717717131083e+00
9.068992879255262096e-01
-1.239618521170761767e+01
-1.354973927190445693e+01
9.750400856428086627e+00
-1.236076341317247795e+01
2.193703182715296407e+00
1.977156353597506211e+01
4.692359705228838607e+00
-8.468672054431507945e+00
2.308709196830136534e+00
6.701486848854557365e+00
-1.059225109418621003e+01
6.070615173202057235e+00
-2.455737754778226645e+00
-3.081766172781314594e+00
-2.648942340286268404e+00
-4.444103199946880522e-01
2.513916369228709868e+00
5.241491124625937914e+00
-4.768057161926165577e+00
4.313931842778231385e+00
6.442261307622374034e+00
-3.307124988249313446e+00
5.410546834830000762e+00
-8.601146169541323161e+00
-9.247279627236963506e+00
-2.505557575031886586e+00
6.009234547373466739e+00
-2.890130915064517581e+00
4.941947420465695018e+00
3.167108164611434518e+00
-6.430031431575713441e+00
-7.598241814718036835e+00
-8.723915916056540709e+00
3.676085306387022911e+00
7.869006112983257140e+00
6.387963557810607540e+00
-7.771644294124385510e+00
2.553810603958680758e+00
2.928058512943593428e+00
4.202030436530890256e-03
-2.039300157712446548e+00
3.880321063091926703e+00
3.915092864474303269e-01
-3.408677874872424240e+00
1.459052542493495253e+00
-1.673147077992653919e+01
4.690157332392175249e-02
1.653186384454510005e+01
2.168142421557917032e-01
-6.907738266169928920e+00
9.319771229423807313e+00
7.126657919501440119e+00
-1.188524585524538679e+01
3.036975689658945043e+00
-2.262523859101648327e+00
1.550821710339036485e+00
2.926597216219164466e-01
-1.967685474535699086e+00
3.169838919637342656e+00
-7.916740952901761830e-01
