-1.133323667610444119e-01
-1.012580282584820690e-01
-3.852517667458266182e-02
8.572314501322764180e-02
-3.713607456667022966e-02
-1.322011485444951617e-02
-1.199329928482395502e-02
-8.865520818923222635e-03
-7.850257889990142068e-02
-5.429657001922216786e-02
-3.914093169068255662e-02
-3.547430348012392543e-02
-1.269192093386219966e-01
-7.245684967519538944e-02
4.355729660479035203e-03
6.921223675372401019e-03
-1.465655349647472239e-01
-9.254972632579039349e-02
-6.793339230410921914e-02
9.018475166427664114e-02
-1.008031139056777548e-01
-5.242090240780550303e-02
-4.273574568634441739e-02
2.079340869407508841e-02
-1.512165402561391758e-01
-1.048744273833754903e-01
-5.173401332955984699e-02
6.065264566329875429e-02
-8.992243680928946326e-02
-6.986698413331859925e-02
-3.652598616371904861e-02
1.717215129307381183e-02
-6.487568912358532280e-02
-5.982169978322948722e-02
9.886934301529759495e-03
1.063120933159544812e-02
-1.473651677308400743e-01
-8.013502847431852594e-02
-7.352208541595173230e-02
7.298301641979043630e-02
-1.171169448814188829e-01
-7.731326743099131704e-02
-6.732693400847655774e-02
-1.257893896908002240e-02
-8.511402608463924935e-02
-8.468365823587209462e-02
-6.262929572579167825e-02
4.123160602900299843e-02
-4.074379035209907407e-02
-4.906775854242773072e-02
-1.383548620453933786e-02
5.688817493740505604e-02
-1.461089226146794484e-01
-9.665086175982207095e-02
-1.242989273162842245e-02
3.483093175268114905e-02
-1.907569979756480461e-01
-4.088068731850214022e-02
-1.504049043832944577e-02
-1.781790779142711223e-02
-1.295379301453458698e-01
-7.450020743597263184e-02
-5.044856274086217951e-02
6.172396298184534835e-02
-7.091838438146802481e-02
-6.539360067952371125e-02
-3.727769606642983291e-02
1.880696717103891302e-03
-8.522785501142382536e-02
-3.766878779339477568e-02
-7.029252279950659599e-03
-1.652851869475635560e-02
-1.807658373452796230e-01
-9.135028517805054982e-02
-6.794441248408955580e-02
-6.266254890949252143e-02
-1.118404441503948465e-01
-1.017373995147061727e-01
-8.347711166039406550e-02
7.991210405581594678e-02
-1.545805284665575652e-01
-1.711125700528737248e-02
3.796102643338183924e-03
6.617909334330596138e-03
-1.411177502300142717e-01
-1.096893013778326154e-01
-1.054762258561754429e-01
4.197397730180552067e-02
-1.097053924644200151e-01
-1.083156678986698651e-01
-6.920012008962039829e-02
-4.184399397181426394e-02
-9.170097607417337926e-02
-3.277202048277860769e-03
3.608751825486078424e-02
3.959855149704316624e-02
-1.319499796392531454e-01
-1.195015645930361803e-01
-5.426240451233099726e-02
-8.460167143094610154e-03
-1.299374146100420457e-01
-9.956463339577936722e-02
-8.411064736715112566e-02
-4.928121576789834535e-02
-1.438863778425483186e-01
-9.321553969587181854e-02
-4.938778966860857267e-02
-2.822412693537490469e-02
-1.040879062882396067e-01
-3.181177596158435428e-02
-1.990046967030245639e-02
-4.656017636652798330e-04
