-9.371507500527997969e-02
-3.471215329571242236e-02
1.895484936474178816e-02
1.967076488039620763e-02
-1.058891926963179131e-03
-1.147972828839494142e-02
6.883685522080185137e-03
9.327316237388139086e-03
-2.722274427109216965e-02
-3.919590308783993393e-02
-6.949097728216724335e-03
4.097143286362792125e-03
-7.909011367791785041e-02
1.293549317122000275e-03
2.602215519799333521e-03
2.012315668753683617e-02
-3.507977357889080494e-02
-1.609043643567753534e-02
4.707527171142089628e-03
-4.703208178833850894e-03
-1.694803105117892450e-02
-3.541776177878874776e-03
4.648919006533525078e-03
1.228659192334036199e-02
-4.629717020139723083e-02
-3.348745472775305210e-02
-8.485305640450580000e-03
9.803015396410152960e-04
-1.806276282174734682e-02
-1.571181023014278644e-02
-6.536490372356595913e-03
1.265776001210805468e-02
-8.194293463024249213e-02
-5.534009414569962537e-02
1.103671066186207028e-02
1.917998228667050498e-02
-5.112975197147195949e-02
-3.759662676837094430e-02
1.158629745802497446e-02
2.407513046501152942e-02
-4.140166067957196105e-03
-1.525360469071967984e-02
-2.785671719589988271e-03
-7.264313870829486319e-04
-1.768206766445623579e-02
-1.496301410059475145e-02
-5.928473747134344052e-03
5.298562874375800646e-03
-7.739964393198284220e-02
-4.524312894553084163e-02
1.558073877612597968e-02
2.817048431031010658e-02
-1.725935745559281642e-02
2.134813998696083459e-03
6.887179082119443407e-03
9.684908285520377191e-03
1.299153493733262721e-02
1.402493267957383161e-02
1.872694161829069337e-02
6.024355680403137292e-02
-7.312145815828419160e-02
-1.342124991000837042e-03
-5.057303919540068193e-04
2.614203038124429668e-02
-7.484676033873061129e-02
-5.243922355276287028e-02
-2.802593302346756410e-02
1.245887265745593275e-02
-6.406704357694326113e-02
-3.997432467259920408e-02
1.253332154926067865e-02
1.690271228019679661e-02
-2.992121452697937833e-02
-3.674782512586149963e-02
-5.987773256390882537e-03
4.305276498964394349e-03
-1.187316700619489573e-02
-1.125409785054776179e-02
6.167823111323800234e-03
-4.277664322283936116e-03
-4.957010130168071349e-02
-3.710129068455514378e-02
1.503756343648876559e-02
2.025564675468860543e-02
-4.806383032031713576e-02
-2.490546708076801785e-02
-1.133557270887197710e-02
-1.621677867366111414e-03
-5.813794707898334302e-02
-1.484183884428880162e-02
-1.624355992465353893e-03
1.779437549026474663e-02
-4.806248587083339352e-02
-1.684445349751495513e-02
-1.335375340678535139e-02
2.766918173461530017e-03
-2.875008882644136676e-02
-1.844867438411501581e-03
6.431622633764177976e-03
1.143352258123520038e-02
-5.213522744224641237e-02
-3.219376672960372332e-02
-1.216451183954192494e-02
4.111445999832374909e-03
-1.268264452934531050e-02
-7.474231503053374581e-03
-1.432058140996828044e-02
4.637391207979124630e-03
-2.868513940373529358e-02
-1.076258350207526249e-03
3.869633315798592932e-03
1.359840818059443457e-02
-4.227427837045549808e-03
-3.137273226932801862e-03
-1.167888296807761961e-02
1.117727483207042738e-03
-2.872420681200593684e-02
-1.736640120404797649e-02
-9.427589804804625828e-03
6.549867081883986586e-03
-8.539026978201413876e-02
-7.653900592696372129e-02
-3.496392692527550139e-03
2.511196241095703385e-02
-1.855782142266759749e-02
3.262704834294138934e-03
3.839247267410250686e-03
1.245614916170012521e-02
-2.562463909114676142e-02
-5.702695461516693598e-03
4.532272957392002866e-03
4.540016440517380403e-04
-3.600222602816161022e-02
-2.523351823233177527e-02
-9.496411271707305701e-03
6.450070325292101003e-03
