-1.307543921670573184e+01
5.007470995461261509e+00
6.072328682813605383e+00
2.014216573332944904e+00
1.962240299453341663e+00
-1.921014664272590267e+00
-6.542447122490102629e-02
1.441505891837948639e-01
5.561831885866013181e-01
-4.162658423296932142e-01
-6.377780046849892415e-01
3.568608695398580721e-01
-1.943469421966753430e+00
-1.382504011611288774e+00
1.251699781654849630e+00
1.341065394542198419e+00
5.355402563211839606e-01
1.757483063155120817e-01
-5.040492201307017694e+00
-5.935458489048016872e+00
6.285144319737824503e+00
3.819870225833327027e+00
-6.029120047730742726e-01
1.176517511192116672e+00
-5.400506400189669876e+00
2.704826586555441281e+00
1.859729807430582582e+00
7.198340369475033640e-01
9.583676651893000553e-01
-7.743260732341923358e-01
1.352991310902211808e-01
-4.990259943019594857e-01
-5.387441590177672879e-01
-2.108686249387545786e-01
4.588189065680552403e-01
6.064657650200473427e-01
-1.818240590517788746e+00
-3.945428519911899912e-01
8.457166381929255294e-01
-1.420925362382249091e+00
1.889399112574409401e+00
7.667772335564535524e-01
6.314618789312760327e-01
-2.002056319899040204e+00
1.129485271975127603e+00
-4.916299200812090930e-01
2.684124889605072894e-01
5.269108912839186587e-01
-8.790288090791790410e+00
2.868127316851399655e+00
4.881348679154086767e+00
1.841095609893557139e+00
1.132819446814536946e+00
-1.768435987028126988e+00
-1.081107401946283630e+01
3.453470904426410470e+00
3.209364962178980818e+00
3.686370832302017675e+00
3.204072450903368008e+00
-2.826134700106607056e+00
5.239681867961394346e-01
4.273184406106906863e-01
-3.466015453666813073e-01
5.334789215198583179e-01
-1.038559826918032059e+00
-1.120867274209160769e-01
1.143166649507719512e+00
-2.334383922988777726e+00
9.947936809143129722e-01
-1.002842773242207386e+00
5.169395411918316086e-01
7.430232508725111984e-01
-8.528163709226930678e+00
4.229562324195100587e+00
3.938327765003549530e+00
1.070401325260746717e+00
1.579269885222174707e+00
-2.148222667708054701e+00
-1.190297843620555795e-01
-7.250563191138326147e-02
-6.773136271949198317e-01
1.207130519299681737e-01
-5.806026177034482316e-01
1.277228051993787972e+00
5.118975603564265953e+00
4.133804031056413919e+00
-5.087771913444356642e+00
4.779775054973015358e+00
-5.019934879151506379e+00
-6.741040727371228058e+00
-5.255394234942301068e+00
-5.103436849266387298e+00
6.309576387851919321e+00
2.989577685261920692e+00
-7.649758945063922511e-02
8.378764606179913699e-01
-8.951568054701382948e+00
-1.496656795109132077e+00
5.313293662771727099e+00
3.122869811129433515e+00
1.474985309716871029e+00
6.125065176059507621e-01
-8.853938566000095989e+00
2.742996282258260976e+00
3.383086125215839957e+00
-3.815850643983083046e-01
5.338508598287830864e+00
-2.396404686086768265e+00
-1.810543522826506546e+00
-1.450518837742322376e+00
1.098091148818468810e+00
1.325448028142517387e+00
5.476806796243636200e-01
2.709060235374209924e-01
-2.893845333554281751e+00
-1.991134722321277195e-01
1.281257259262275738e+00
4.477912915750437151e-02
1.263375280346025420e+00
5.902211074276237923e-01
-1.095865367291771975e+01
3.383243658923547059e+00
3.166798762223720587e+00
3.403572219212364303e+00
3.269529154087635447e+00
-2.422796922355161087e+00
-3.692055407007345025e+00
1.293616693578286458e+00
7.226544951666511452e-01
-6.143302857867496414e-01
1.451121764323360708e+00
6.912301978311745643e-01
-9.308192105889702361e+00
3.306058745044140323e+00
-6.704900129683039722e+00
4.318362116791519156e+00
4.977712092388500764e+00
1.695559361219906691e+00
-4.745895010057054719e+00
3.289962327015217625e+00
1.283239810656723989e+00
1.859039585727657595e-01
2.631775763565258330e-01
-2.898406998796900780e-01
2.363792160622864458e+00
2.151061209630043436e+00
-4.042311038938549927e+00
-4.966450723148199131e-01
-3.630336941727989597e-01
3.546824601949225553e-01
-1.952668201593624531e+00
1.329682344670843008e+00
-9.282679134861240300e-01
-5.372823633730092752e-01
1.696915962296685620e+00
3.123878505321755483e-01
-2.569036015972827158e+00
1.942017344608302665e+00
-1.311844672671853118e+00
1.119857169191860180e+00
5.518986097695659510e-01
3.684043105588585831e-01
2.187119116410002562e+00
2.025378383217983469e+00
-3.872696069129702323e+00
-1.160676297943155078e-01
-3.731485363895359342e-01
9.412570255416596865e-02
9.038331578527447618e-02
8.433678036572729297e-01
-5.205390101004070402e-01
5.044903961656217461e-01
9.671343405125298887e-02
-1.007652020977047869e+00
4.045221939969835034e+00
-1.067360375947089324e+00
-1.725146501965738821e+00
-3.492843241481125460e+00
2.100087486231700495e+00
-1.887525325922894126e-01
-6.738535846232124982e+00
3.840664429593061868e+00
4.522860022464769258e+00
-4.489982683393677121e+00
3.185277469105955106e+00
-4.050397089259547556e-01
-9.408377010716151290e-02
-3.291563111048958490e-01
-5.401458162798178364e-01
-1.077507062675380212e-01
9.884294527218173698e-01
2.829872652988285608e-02
-7.163239728529049444e-01
2.255811445600571119e+00
-3.004455483048488418e+00
1.330029102610055247e+00
3.707622370752119423e-01
-4.742296346429526466e-01
2.924840126600656731e+00
-2.647093871752446148e+00
2.012508376792766285e+00
-2.916209508765476244e+00
-1.078798583126001631e-01
3.100661264736856992e-01
