-1.934586843401018275e-01
-9.719047434362226845e-02
-6.740116316944577690e-02
-5.604815185155964663e-02
-1.543895830613171150e-01
-1.273868678534431087e-01
-1.232823053221265841e-01
-5.526864575643286592e-02
-8.110381063336968843e-02
-7.049134463834261233e-02
-4.931879185603849081e-02
1.119891671812300871e-02
-1.457757589710697577e-01
-1.187288228278859936e-01
-5.261831369932945535e-02
-2.280698158181593271e-02
-5.422548551191286315e-02
-5.333342189510537068e-02
6.798162287386944058e-04
4.479501163641463890e-02
-1.746004047352176514e-01
-1.208304869139542603e-02
-9.492980158406938429e-03
6.596966539733140067e-02
-2.109282247051458281e-01
-1.185179884036429154e-01
-1.884380798354112763e-02
3.223253115963586879e-02
-1.114850267235893977e-01
-1.088541872019115342e-01
-1.116001402890116623e-01
-2.581549442309194475e-02
-7.585658227400537967e-02
-6.804282326343802367e-02
-5.307078086398520078e-02
1.365395666622637449e-02
-1.138368520507049286e-01
-5.905263404960070517e-02
-2.345074607435115865e-02
3.876502209695553702e-02
-1.754443442833983902e-01
-9.516681669324533743e-02
-6.067219702227166778e-02
-6.909129562508731226e-02
-8.309677094073331105e-02
-5.467437804344665864e-03
4.415994625547536856e-03
2.627435896356944411e-02
-1.302445181486149295e-01
-1.200611572487488843e-01
-1.309593842433998123e-01
-6.726631970643381919e-02
-2.149501248553877808e-01
2.165185141846048822e-03
1.857960114536671981e-02
4.947188893631926376e-02
-1.155995671663629931e-01
-1.047874239616308767e-01
-7.477724049183720467e-02
-4.015317821981345681e-02
-2.015244601252457191e-01
-2.168914747100281204e-02
-1.728840387472341256e-02
6.325752267294815212e-02
-1.805544837447399242e-01
-1.696181759170973802e-01
-1.036560487757471893e-01
-8.078439909589185675e-02
-1.950411866207419909e-01
-8.020549303277380027e-02
-4.912121163238469812e-02
-4.173329272930548228e-02
-1.312737846599272284e-01
-1.072735898563381696e-01
-6.944365621980574943e-02
-4.326724212393706637e-02
-1.374127496492028033e-01
-5.956732858704238964e-03
3.545204115038869119e-02
3.765665888470071110e-02
-1.598587034825753594e-01
-9.941668481525356427e-02
-6.586285054673113315e-02
-4.327863100520557005e-02
-1.506887496509139446e-01
-1.326200499419278866e-01
-6.525084488446775133e-02
-4.736734832764244452e-02
-1.302702812334239901e-01
-5.995233836756486134e-02
-2.692205742118747303e-02
1.974951747808439961e-02
-1.761584011258485738e-01
-9.120430145165325797e-02
-3.036335221942088047e-02
-1.023696646362415308e-02
