9.424864463956765803e-01
1.931774729032156301e+00
-1.648240374938335151e+01
-3.845157992399009572e+00
9.478465116762549769e+00
7.586282680763389408e+00
-4.321399376678030535e+00
3.860354893493465056e+00
3.216439245094505850e+00
-4.849653061627734019e+00
1.068533236091255390e+00
7.631779006291168344e-01
6.627557628164339576e+00
9.957097151039704386e-01
-8.050775872713089143e+00
-3.806726696987823289e-01
-2.230553812389132418e+00
3.102702635660705255e+00
1.910470770022939746e+00
-8.486644574559534249e+00
1.481126728718466268e+01
6.189200410387002194e+00
-6.522068674752745210e+00
-8.251449679022769601e+00
-2.920160612231228470e+00
1.046221290118197089e+01
-3.332661452214793485e+00
-4.240124721656513884e+00
-2.795290543361161895e+00
1.559655746222290418e+00
7.317255848971910837e+00
-6.632889822459389961e+00
-9.821671801092804799e+00
-1.106971361528891862e+00
3.494381499456991946e+00
5.929609338762674042e+00
-6.164179706185123564e+00
-2.578989931234374922e+00
5.418788795004374492e+00
4.554587681963226942e+00
4.456911641096610310e+00
-5.358072533926119263e+00
2.690388355618253513e+00
2.077074603084838600e+00
-3.638122723028189398e+00
-2.467316699671172842e+00
-1.805961784059988418e+00
3.315095419824885425e+00
6.774355506334330812e+00
3.688869019057534615e-01
-8.568797885754420918e+00
2.491812161910743839e+00
-1.286889515645512461e+00
-1.090409976140023218e-01
-1.065156676231484312e+01
8.087035859225181866e+00
-1.627766726960260257e+00
8.963133096490892626e+00
1.737966940823270079e-01
-5.574033201763583634e+00
1.933150747158265403e-01
1.128789656648251594e+00
-1.354013742357417982e+01
1.477860240206746312e+01
-1.302443450865004593e+01
5.011154936361023715e+00
-2.281881958027298651e-01
5.091228538388065772e+00
-4.138343235878295445e+00
-5.207621281916232192e+00
2.342692608913523600e-01
4.277829303984077569e+00
6.230617986086841142e+00
-3.212080958778912532e+00
-5.568504400076633942e+00
-2.359326016637197654e-01
2.429858924827001943e+00
-1.094399883857164468e-01
-3.233623028494577056e+00
-7.245637586845802502e+00
1.360702936614714531e+00
3.385036795292776901e+00
-3.457886280827892733e+00
8.227568819560318047e+00
-4.281590597558988520e-01
-1.152729154339662898e+01
9.860407232018005175e+00
1.274230668957530099e+01
-3.144305363381903362e+00
-6.709536721944658666e+00
-6.207537729614955424e+00
-5.985083045460797280e+00
2.793445485163672970e+00
5.333309691126004282e+00
3.623279087962458789e-01
2.738154286938538462e+00
7.635986394919356712e+00
-2.852376907810466378e+00
-7.452911643947544462e+00
2.498339332530932211e+00
3.704425261515282841e+00
-5.145609214818136934e+00
-1.422461256234866767e+01
2.474271000396868203e+00
-2.124558354602484656e+00
5.149968575031579121e+00
2.875895994212200435e+00
4.059236230820062019e+00
6.745131454936483806e-01
-2.932455955669141190e+00
3.331403873832883278e+00
3.207754155047666700e+00
1.667242328358895520e+00
-6.071100604202300133e+00
-8.748231190332475649e+00
4.108943335102750893e+00
-1.089728674047648838e+00
5.487321036829911236e+00
1.576053096720002600e+00
-1.807712608666548704e+00
-3.956076572129106239e+00
7.409225013187096920e+00
-8.752100953200383060e+00
-1.144598197064766509e+01
1.464535519394013363e+01
2.989079503876823196e+00
-3.207927099461414855e+00
4.577077138048139204e+00
-1.017853840187797232e+00
-2.134919323630398935e+00
9.845237206501820992e+00
-7.732610851979870858e+00
-2.572854123844777519e+00
-9.733018253922168128e+00
8.856831497634672701e+00
-3.137051147859892808e-03
-1.170765714673123625e+00
4.002858681202326352e+00
-3.145700258684087203e+00
-9.130084043288974271e+00
8.038809390980347303e+00
6.004107190378618952e+00
5.020810095622465496e-01
-1.938081135079045225e+00
