-1.043925195867323463e-01
-4.691348565985942187e-02
-8.396098056235201668e-03
4.186341422147910052e-03
-8.099859763360739429e-02
-3.530046981072798573e-02
-4.424369272570727318e-03
2.416554943769755326e-02
-8.826776982643069758e-02
3.112158676747966979e-04
3.127329362797581780e-04
3.705651924733488478e-02
-1.143594507830105744e-01
-5.032657655164940458e-02
8.424673106304680914e-03
5.255614032680711034e-03
-8.638722588656611023e-02
-4.281967051857393791e-02
-1.923831122502339674e-02
3.675821262045131377e-03
-4.773788675948620330e-02
-4.278787181863785705e-02
-5.294561352534232768e-02
9.354361880220984915e-03
-4.324667450519226186e-02
-1.345524675489961908e-02
-5.028328953442740001e-03
6.012801943811041383e-04
-3.165045757223117207e-02
-1.772243747282664650e-02
-1.772197968726363371e-02
-4.987551675293522280e-03
-4.984841342727697189e-02
-4.099176258012082741e-02
-5.070412623825748533e-02
1.044691811279330196e-02
-1.115807902022756259e-01
-1.367858993627146802e-02
4.612045798940700436e-03
3.034254802255720307e-02
-7.313229872119375585e-02
4.220286706058118398e-03
4.221198344382059986e-03
4.036008157991877177e-02
-4.773805722626556225e-02
-4.278757124400978107e-02
-5.294528947512211481e-02
9.354633802214351590e-03
-4.324694276549423400e-02
-1.345614683192919436e-02
-5.027824880417863795e-03
6.010336392590076571e-04
-1.066416810768571199e-01
-6.773131151719846699e-02
-1.176973373527556710e-02
8.111789207194464169e-03
-7.444145216463438075e-02
-4.695776720850108887e-02
-3.868933133536645030e-03
3.957081085237756923e-02
-6.532630170697650840e-02
-5.972173417854387267e-03
1.204060161169584475e-02
1.204087524536223697e-02
9.476492760702948104e-03
9.476832790809242013e-03
1.215082613746387707e-02
2.552604972513372594e-02
-1.043933700157315680e-01
-4.691337067898682101e-02
-8.395658325902610741e-03
4.186113890620069000e-03
-8.099833383133914211e-02
-3.530262589824251229e-02
-4.424779511217336037e-03
2.416513335091341474e-02
-9.826422041033433530e-02
-5.552117407259737902e-02
-2.944530257807476126e-02
2.244563479572714293e-02
-4.192437778661251002e-02
-3.303599098359555342e-02
-3.138585166581764341e-02
2.186141850005762777e-02
-1.066414859880218113e-01
-6.773256577708819393e-02
-1.177159302848962419e-02
8.112508131019158242e-03
-7.444213952031786263e-02
-4.695976768946019675e-02
-3.868225646867617940e-03
3.957218519440686144e-02
-4.984853752378670677e-02
-4.099324715948005071e-02
-5.070479942427041919e-02
1.044709674244725939e-02
-1.115815605303642766e-01
-1.367822155826647901e-02
4.610869890740776356e-03
3.034234396731361194e-02
-2.373870030103475415e-02
-5.757042247849009087e-03
-5.756335576388105224e-03
1.926881788461232148e-02
-9.826294128882251400e-02
-5.552225235110896939e-02
-2.944674403340474811e-02
2.244604575210296105e-02
-4.192402342112289126e-02
-3.303646093839374132e-02
-3.138700830668894604e-02
2.186205061561485863e-02
-1.143607988081738469e-01
-5.032769670704473342e-02
8.423840225286083339e-03
5.255743546930036203e-03
-8.638833557421587983e-02
-4.281921954839074118e-02
-1.924025174427534957e-02
3.673816692271181239e-03
6.763977622713079896e-03
6.764828419847157548e-03
1.094204130055942414e-02
3.639082841500496102e-02
-2.915444791877841446e-02
-2.915403904079849617e-02
-1.631658485142795101e-03
1.819564628437686515e-02
