-4.076760872052190621e+00
4.447263318704330004e+00
-2.203238462600538128e+00
1.813235616054200250e+00
-8.036004192652512756e-02
2.007786632284762618e-01
-6.418896324602982872e+00
3.382215245035254725e+00
3.886685320927284693e+00
6.186075416563880935e-01
1.821519292473539053e-01
-1.598537302028844920e+00
-1.599686451315875502e+00
-1.599743848810746272e+00
3.230484402656770726e+00
6.068913626773735359e-01
-3.222700260028972252e-01
-3.225322474607565937e-01
-3.694551754804976440e+00
-2.423575943398290633e+00
4.877093534856484780e+00
7.700478643203467755e-01
1.583715495514354643e+00
-9.598627123417600160e-01
-3.725495012783269999e+00
3.931700269433989092e+00
5.265128468826048902e+00
-1.031859960149122912e+01
5.444075794510723654e+00
-1.882969226549917607e+00
-5.625793971618264777e+00
2.679807650667910934e+00
3.250649222273565897e+00
-6.091093983010722468e-01
1.584289337730595548e+00
-1.288217814707238063e+00
-6.203943090939958438e-01
1.121152257760940074e+00
1.006865679203116315e+00
-6.549369943797955784e-01
6.145935403961004795e-01
-1.401563737324835301e+00
-9.468018652244012401e-01
-9.467808663333983077e-01
-1.160619960214681612e+01
3.012478441742942437e+00
4.256420815224331022e+00
4.256962444319071892e+00
-5.270538781535591966e+00
2.631270875845814317e+00
2.787475004788291244e+00
-8.830394006535584595e-01
2.240269264633482749e+00
-1.505078606964005417e+00
-3.024112327409568479e+00
-2.216728618835759335e+00
2.904778289768515265e+00
2.128889755950922336e+00
-6.326673466877821284e-01
7.092330325319409212e-01
-4.063879686053638807e+00
-4.063934045298452702e+00
3.421686646750714544e+00
3.245521274206097928e+00
5.662873942703470220e-01
5.661619635877457313e-01
-5.626046758785818724e+00
2.679726702118202297e+00
3.250744522908433964e+00
-6.088473275524677319e-01
1.584511644323370660e+00
-1.288444187553750453e+00
-6.203943090939958438e-01
1.121106112844174163e+00
1.007092602668109294e+00
-6.548394049664381100e-01
6.146587366299769428e-01
-1.401901283239496365e+00
7.364718558954592709e-01
-3.714835871684996960e+00
1.146239640795670311e+00
5.493600494452039129e+00
-5.435539269146943298e+00
1.911969760556743836e+00
-6.854043688518714816e+00
6.022909294457676310e+00
3.160167932839613059e+00
2.908360181784345855e+00
2.674936495927795477e-01
-5.175298780865077219e+00
-5.102305604634565839e+00
1.972684243374118296e+00
1.972499813055264895e+00
1.545743279847116014e+00
1.545931389530082356e+00
-1.970336102997492844e+00
1.376934071756465983e-01
1.469189982913405856e+00
-1.031291075818145941e+00
1.469027257119833507e+00
-1.031586724829963941e+00
-1.245770490056017366e+00
-4.077029361320683165e+00
4.447404251351699145e+00
-2.203209461222172649e+00
1.813347209062555976e+00
-8.029759696940175218e-02
2.007037862962732788e-01
-6.418332863908901231e+00
3.382220174436653792e+00
3.886646253204517620e+00
6.186444668733344088e-01
1.816245184552087721e-01
-1.598579752514993402e+00
-2.521857045980425482e+00
-3.680012104527989436e+00
4.942167064678571364e+00
1.034235880039702238e+00
-1.659976121696615792e-02
1.085984463652494014e-01
4.223430805195960147e+00
-3.792168851508378680e+00
1.029910171267886199e+00
-2.327140270071765826e+00
7.485487526745515652e-01
-4.575430167437986029e-01
7.365088071017709126e-01
-3.714663326648221187e+00
1.146028517142227088e+00
5.493625523298788949e+00
-5.435751351782442953e+00
1.912135488463604815e+00
-6.853445301778705812e+00
6.022967725958707774e+00
3.159858423066694399e+00
2.908559178320288652e+00
2.672052489640748263e-01
-5.175576363054773310e+00
-5.270783675039226068e+00
2.631504447629041010e+00
2.787683047986746487e+00
-8.831126221284364419e-01
2.240334595551061625e+00
-1.505267035468392578e+00
-3.024236998764493478e+00
-2.216983711457658046e+00
2.905026415303638032e+00
2.128696410950439599e+00
-6.326215951634566181e-01
7.094890625861154376e-01
1.437731214560074022e+00
1.437753723813358420e+00
-3.743955606097614464e+00
2.240992904921199624e-01
2.746983233720072803e-01
2.748805770988838049e-01
-2.521383336610639958e+00
-3.679952781159968822e+00
4.942452445576819287e+00
1.033896045568312161e+00
-1.668057516674537055e-02
1.082043074167984287e-01
4.223430805195960147e+00
-3.792209078595050187e+00
1.029797910057240529e+00
-2.327050917543033393e+00
7.485192028138385467e-01
-4.574281137721527557e-01
-3.694759669905550936e+00
-2.423737057305856979e+00
4.877276642801092521e+00
7.704172925929526627e-01
1.583484108412932301e+00
-9.597985202687624451e-01
-3.726200728151667363e+00
3.931798619024036157e+00
5.265254659563211703e+00
-1.031858687607888214e+01
5.444320264002442400e+00
-1.882731613350344446e+00
1.188240937283424614e+00
1.019188387739887958e+00
-1.123939913031989590e+00
1.019621363790761848e+00
-1.123911741442995549e+00
-1.226719353407190738e+00
3.728578311582722904e+00
-2.015297158712940018e+00
3.476783657847875020e-01
-2.015182608441335788e+00
3.478932480712302322e-01
-7.689236020597434162e-01
