-2.308499241473360719e-02
5.536963913252979097e-03
1.448955777924298971e-02
1.774469162301484104e-02
-2.549814524280336059e-02
-9.962524243611881047e-03
1.040960244548760905e-02
6.210340754581356038e-02
-4.384364415068242593e-02
-7.478806391156833655e-04
2.639926252978375132e-03
4.575250521470453080e-02
-3.352305340205363748e-02
-1.904711532680414265e-02
1.232548697819102479e-02
2.753222126020182792e-02
-1.715165990341294133e-02
2.051145176213520216e-03
1.115293027808461623e-02
3.568474719793490735e-02
-1.995907521356410363e-02
1.323210476366720734e-02
1.432628087709097997e-02
4.335309296024059122e-02
-2.259674487399920828e-02
-2.534341479125168384e-02
2.589529792253864038e-02
6.830234916693012082e-02
-2.395330914023885427e-02
-3.576476932573013912e-03
9.664127562707403030e-04
2.562587290973605825e-02
-1.423884244790007969e-02
6.397995410345469480e-04
1.007144173731400194e-02
2.670074316105353063e-02
-4.371014507307635633e-02
-2.658736075675349753e-02
3.597827863162295081e-02
4.315531627530377889e-02
-1.624428072983241655e-02
-1.093466189579994641e-02
6.767986494638611461e-03
2.413106329649195025e-02
-3.484233462057861885e-02
2.352676700658973274e-03
1.742251948241912984e-02
4.318799262295103247e-02
-3.625561399028143228e-03
-1.548763430569755073e-03
1.206600977822036569e-02
3.584460076316609012e-02
-2.925506176809289371e-02
-6.366066852112828300e-03
1.184261649557427631e-02
2.125348029245577308e-02
-1.050312467569569641e-02
-5.371272793464276774e-03
2.018805421860969673e-02
2.107911099678050348e-02
-1.010511385570711518e-02
5.495607352588693928e-03
7.641432535492098665e-03
3.764117349403051094e-02
-1.235065102085464162e-02
-3.365421414666780464e-03
-1.381266069939712793e-03
7.553158122447123368e-02
-3.684822905981621766e-02
-6.523009799610735016e-03
5.463024690766093983e-03
5.831948890520965989e-03
-6.310071630971192391e-03
-1.376499885729409733e-02
5.135538532521355393e-03
7.938987557554844088e-03
-4.138744592589205240e-02
4.215765681204075577e-03
3.673792395077790651e-02
5.009502178000779793e-02
-1.907722838860870240e-04
8.676181049032116732e-04
1.226035438376471554e-02
1.418675498443988658e-02
-2.376313823116649182e-02
-5.126581306687194584e-03
-4.068090239413901799e-03
1.038612698932439571e-02
-1.357113894616746030e-02
2.874205105483751410e-03
1.186311695619512996e-02
2.067803031760750976e-02
-3.621066350170631942e-02
-1.441378989487329676e-02
-3.814558898862729919e-03
2.549811404753743460e-02
-2.429633404679854003e-02
-6.122648829613996924e-03
4.559495792996415275e-03
3.357747307642489076e-02
-2.397713854775385123e-02
2.559398398647383388e-03
1.266000386963339608e-02
2.979877977757139362e-02
-3.657644861439157680e-02
-1.672133089736527189e-02
2.213472663854010314e-02
5.333978399368999312e-02
-1.006060305220013440e-02
1.697842416696482282e-02
3.017079624662577508e-02
3.757899656595720117e-02
