1.728334682387369980e+00
1.164638846104296022e+00
-4.354580318029235286e-01
-5.951661351060124616e-01
-1.069038586311307881e+00
-9.689111716162415178e-01
6.317459417750498574e+00
-1.639798937106718313e+00
1.621254683081644998e+00
-3.225858168813161342e+00
1.341185362587054897e+00
-5.875276295338608179e+00
4.062043569623995154e+00
4.229605886209327537e+00
-2.570613480400396611e+00
1.984102639990950934e+00
-4.195049843389256239e+00
-5.082149400655339377e+00
3.841618444911176766e-01
1.858141716742579774e+00
-6.824652664948445135e-01
3.857726364967106747e-01
7.473703932971460517e-01
-2.873624688356926526e+00
1.419805467273164368e+00
1.651360245268364224e+00
-1.249011081617894092e+00
1.329408235830413787e-01
-1.727604534965394123e+00
-4.782839010110961908e-01
4.305070648162953262e+00
4.413882496575993741e+00
4.152534465921789320e+00
-1.908311010937168817e+00
-3.001478169685370290e+00
-8.455364853866313979e+00
2.690204382853821130e+00
1.630179877180637504e-02
-1.372952366501110077e+00
1.703062971192821351e+00
-1.904569891264316084e-01
-2.834073027599643524e+00
-1.834178655553543535e+00
4.471146372487098120e+00
-3.967628716866329341e-01
-6.915810861706006563e-02
-8.235246860406419955e-01
-1.572130085167955826e+00
1.793763450581664642e+00
1.269994606986870167e+00
-7.503902763723289127e-01
-6.387062221072881130e-02
-4.926734003518475902e-01
-2.000398502413787583e+00
3.900927641263237433e+00
1.162683720951619648e+00
1.028073455275873016e+00
-2.163766057249716823e+00
-1.726984818252290665e+00
-2.164405442288995118e+00
2.436286724939449755e+00
1.096475555285749692e+00
-1.815609837702083951e+00
1.326177034468656757e+00
-1.434185172738338565e+00
-2.060125364736748566e+00
2.895847889130962471e+00
-4.053051333198709472e-02
9.669641727555813304e-01
1.618359628704567399e+00
-3.998969239488459948e+00
-1.384949060401623910e+00
4.552185925173105829e+00
-2.890365720056450982e+00
2.864896648524009493e+00
-1.699818455956190633e+00
1.824229945846553846e-01
-3.958767677083443459e+00
3.743440237406630899e+00
2.349407858768913115e+00
4.654659405163101837e-01
-1.314951047973536902e+00
-2.416843953369252063e+00
-3.433779866986128582e+00
4.389501145612655364e-01
2.616306537588286574e-02
9.686911614006987747e-02
1.356070749268610598e+00
-6.092867165965429876e-01
-1.269555864067186235e+00
3.105460446736330482e+00
1.007307998225400070e+00
9.235100581288833155e-01
6.801943801861085603e-01
-4.203633206116137444e+00
-1.479265937782898277e+00
4.265208520312882001e+00
3.010899066113807976e-01
-4.861151419227383030e-01
-9.117075793945730311e-01
-2.747229376447108962e-01
-3.343506141931243292e+00
-1.481254441685578627e+00
6.557650417536336818e+00
1.137784988844288137e-01
-2.773566375945947016e+00
-4.764769366468613043e-01
-2.227178209875660286e+00
3.069555737149869401e-01
5.920761237070450989e-01
6.676021101589100226e-01
-9.285583271038007069e-01
-6.085149299322694105e-01
-1.078486414776165248e-01
4.362049736903543362e+00
4.328209441650272993e+00
1.277438697860716843e+00
-2.434887345015525284e+00
-4.702962307611812776e+00
-3.041838706710166207e+00
2.906807743836196778e+00
1.646197750161988438e+00
-1.423512853973448955e+00
1.320883701900754659e-02
-2.474687210927598358e+00
-1.081457711447527004e+00
5.184064851066096935e+00
1.809346760502904772e+00
7.464435265088695814e-01
-4.430292077187104383e+00
-1.808338502940713965e+00
-1.982409548995008208e+00
1.494355969865679867e+00
3.029350782912842988e-02
8.064745488334637002e-01
4.772529370511477964e-01
-9.582435054736180291e-01
-2.011889259695621490e+00
1.287217749875793515e+00
6.471967476269497865e-01
-8.993874716325223062e-01
3.391045271701116803e+00
-2.149881504701852464e+00
-2.391321181118613026e+00
6.173641535518072487e+00
-1.311247566362567341e+00
-2.901432600589998856e+00
1.380966374321673129e+00
-1.978478945674623901e+00
-2.085469989547874547e+00
2.286911127794581944e+00
1.620519460509342480e+00
-2.954422296977554652e-01
-1.120128318310193549e+00
-4.138902377369930718e-01
-2.267954589532720888e+00
2.356078496024608171e+00
1.475232969203290168e+00
-3.159010826870201072e-02
8.014649325716618478e-01
-3.557270067593734097e+00
-1.029472717888793909e+00
-2.669664531129996021e-01
-1.723757230588688572e+00
-1.212285524497929146e-01
1.347562529571192158e+00
3.393427902378121530e+00
-2.859257682622768471e+00
