-7.360581689891077417e+00
-7.366628893076992313e+00
-1.865323161587753020e-01
3.524378925832394316e+00
6.319197329320957124e+00
2.702124995479309177e+00
-5.628635139673207277e+00
-8.097707345954830771e+00
9.086127276663958696e+00
7.374868839498589068e+00
2.298035365581242218e+00
-5.157861643382702255e+00
-1.459921584504996872e+00
4.319705178546584534e+00
-2.075290850529626141e+00
-7.795860624138839512e-01
-1.539646445541436037e+00
1.182486544870641865e+00
1.119907102441783309e+01
-7.209779640817217228e+00
1.046625117308522590e+00
-1.526128211776665466e+00
-3.482263109674832435e+00
-6.421961667368236704e-02
-4.146319934588632350e+00
2.609825502698996047e+00
5.604540921382280771e+00
5.637329125056567136e-01
2.945095514265432257e+00
-7.683790409475975025e+00
-1.611968343782999114e+01
-1.065381558362260250e+01
-4.431343986640101207e+00
1.190930803045799280e+01
4.436957333574497397e+00
6.207557933633665925e+00
5.166081046421155065e+00
-6.387276486624017480e+00
2.109821417334032390e+00
-1.473109466717787086e+00
3.930625851027059525e+00
-3.984705460834419455e+00
-1.116742570465090978e+01
9.530502478094149410e-01
8.275934420067272868e+00
2.318245258705559309e+00
-4.902244915422215854e-02
-1.074117238838056210e+00
4.358248206775144240e+00
-2.341458798729235014e+00
-5.185589697273343290e+00
5.395109821560453156e-01
1.226163743242025816e+00
1.094439118813639311e+00
-3.278366913471799649e+00
8.266698883027231659e+00
-5.705099987215660917e+00
-6.196881128452886855e+00
5.925342341437755067e+00
1.371276665548123219e+00
-1.437944936871446089e+00
-2.670554379660643463e-01
4.141474867491325540e+00
-3.078215163420622957e+00
-1.043133612864153292e-01
2.707501608461768683e-01
1.644738105002829798e-01
-7.080572821913833081e+00
5.692761253401329213e+00
-3.767855573168986894e+00
4.706872776057437591e+00
-6.585806956798165857e-01
-1.088476118803328063e+00
9.577125490743270575e+00
-5.767163767467394564e+00
-5.417324538395476452e+00
2.367046030322470074e+00
3.491848891352731243e-01
-9.034600994368631177e+00
1.012121404109706191e+00
-2.771619131241365608e+00
1.227046392467059377e+00
5.217199795578551402e+00
2.999808562661911537e+00
-8.668926519178384638e+00
4.060490788080414859e+00
1.475133006477861386e+00
2.428956216591686257e+00
2.031276726061122417e+00
-1.143634408954781634e+00
-9.848727986881229413e+00
5.730329644115869314e+00
1.673674201261121652e-02
7.999095419434070209e+00
2.217638043285091953e+00
-5.647649823317891560e+00
-4.906277276091216777e+00
1.784881360917779602e+00
3.454973643917497839e+00
2.335853470583714397e+00
3.222606934170244131e+00
-5.743497055246507443e+00
-7.618527228967749920e+00
8.782265977088314912e+00
1.210622231054642839e+00
-1.730531040224434491e+00
4.323516560471318826e-02
-1.554288756172269359e+00
-6.059522683491834982e+00
6.062272914558320736e+00
-4.074608294853661050e+00
4.091584106033991475e+00
-3.871222390554933668e+00
2.699839465900396362e+00
8.813355947603440654e+00
-2.249224848133678734e+00
-1.284091187228199260e+00
-9.497020286011675694e+00
-3.080699355288345487e-01
4.549033493500090231e+00
2.931736676295329858e+00
-3.893351387810497499e+00
1.313481775094899717e+00
-2.913149312507940181e+00
3.073425721474876582e+00
-1.367018083664603978e+00
4.555302598881780796e-01
3.712412433552771063e+00
-1.415543990486739290e+00
-2.446200151767300213e+00
-9.124927800766613473e-02
-3.459714556883568548e-01
1.945589465162171905e+00
-4.678532411972511795e+00
7.236571138525533797e+00
8.090658761510098884e-01
-5.281838136604747547e+00
-1.067119770728055528e-01
-5.726794983537814687e+00
-3.956075629326392118e+00
8.076920313112481153e-01
1.152601276184611834e+00
6.149576453429816070e+00
4.987031101153291957e-01
-3.377625867401405912e+00
-4.206525463339332305e+00
8.775200613090376578e+00
2.056648812126795178e+00
-2.885093352730621064e-01
-2.697094812007648557e+00
