-6.249125431801094699e-02
-4.723924285888925212e-02
-2.820710621312549904e-02
-2.258206160630948922e-02
-1.480341828203808330e-01
-7.681039237578124457e-02
7.151045077757656188e-03
9.263278576103450845e-02
-8.249549669035993738e-02
-4.767103984111065174e-02
-2.329398221517275935e-02
-6.275059579990749370e-03
-1.228352654843958280e-01
-9.865379505034788110e-02
-1.276343424128878468e-02
2.311536883186504632e-02
-9.575905950008967160e-02
-6.781219385962988788e-02
-1.955936181610540281e-02
1.936193242504580247e-02
-3.920044776281961241e-02
-2.049659370029455197e-02
3.189039153330952558e-02
1.151301029183651181e-01
-1.160605258741032042e-01
-3.668760317226671397e-02
-7.114412404394254708e-04
5.304428447207021335e-03
-1.302018230725066061e-01
-7.144622239336073655e-02
-4.034151706023947348e-02
3.001038132529143532e-02
-1.356150633697792429e-01
-2.324162756093506310e-02
-1.770708595550596343e-02
2.564245695628053490e-02
-1.082307135230442530e-01
-9.302713944689888770e-02
-2.197924250860872064e-02
5.524170175338127819e-02
-7.598130474503816956e-02
-6.417409845450783301e-02
-2.530266525621849283e-02
1.099415358301047974e-04
-1.145762382932478118e-01
-6.573149713884629541e-02
-5.486549694031728208e-03
4.257078201035513487e-02
-1.418118638082814797e-01
-7.332269610553421302e-02
-6.290270494629490727e-02
5.689508892551953245e-02
-6.072718444791314063e-02
-4.684580851167785553e-02
-3.158833624932588791e-02
-4.462525783760940001e-03
-8.634973234031595446e-02
-4.880430869575702602e-02
-3.258886733845867134e-02
4.064474057423916875e-02
-1.058277218717664780e-01
-1.006235040297749350e-01
-3.332149899505676416e-02
1.050634775500105533e-01
-1.030269858621017942e-01
-5.536655234926168845e-02
-5.527455404089609559e-03
6.565261849741599320e-02
-8.110323655734807957e-02
-2.530397789522975671e-02
6.191951053796662663e-03
1.495325805087910354e-02
-8.520700763549560186e-02
-6.044969147561585210e-02
-4.124488378702961811e-02
-5.188402284288784472e-02
-1.535463789016491276e-01
-1.573312441548715412e-01
1.772640717780626929e-02
3.633429796063181172e-02
-3.252568391413745985e-02
-2.022204426041995795e-02
-2.127341261550519391e-02
-8.055031345141738797e-03
-8.667655549136843440e-02
-7.153624542093117711e-02
-3.640868205695402260e-02
-1.745157130538421697e-02
-1.594727250277623298e-01
-5.354038627798840544e-02
-2.411645879947132975e-02
4.510112346618777579e-02
-1.014896142103116627e-01
-7.932376502546434338e-02
-3.720502123757163382e-02
1.466934112057249884e-02
-1.678532209268202013e-01
-4.760014601242601451e-02
-3.835882045940763874e-03
-8.169392047017165481e-03
