1.766122061984589209e+00
-1.643545751887558026e+00
-9.228579761089008571e-01
8.368680715209819709e-01
-3.614595371747100216e-01
2.574046182725453491e-01
1.427149173185341624e+00
1.932036834588473084e+00
6.468667861966252985e-01
-1.281123350518328152e+00
-9.051648985034148609e-01
-1.730676537178766239e+00
5.076949292527118018e+00
-1.731501353973925461e+00
3.251733271151550753e+00
-3.641153544418386900e+00
8.189381487690212680e-01
-5.128165276658478433e+00
4.875042050702759866e+00
1.676795127244957939e+00
-2.676996295802780423e-02
-3.674214504640616497e+00
-1.458515509265552623e+00
-1.799103068412719608e+00
3.199854696645729746e-01
2.615272769990326651e-01
5.170611394793382942e-01
1.228530663796902900e+00
-2.709050936668106146e+00
4.082119327143374221e-01
1.590054415046125769e+00
8.402601193512566624e-01
1.715000374678652406e-01
7.490591043387553327e-01
-8.018063397327068742e-01
-2.513977789993916190e+00
-2.620178561874979550e-01
2.657563875478913928e+00
-5.336211865193831727e-01
-3.064358535792024441e-01
-8.088534331467798211e-01
-8.596032506050192978e-01
3.816803191207668533e+00
-6.162111938361647390e-02
5.962965079692423842e-01
1.312049148824740996e+00
-1.764766914459784175e+00
-4.507474994233973575e+00
1.314960151819477119e+00
2.045845489044353371e-01
-1.488710339349793799e+00
-1.836100060992862382e-02
-1.174379418751470894e+00
1.078669232044148885e+00
1.150574118389485534e+00
1.433684742803649215e-01
-1.006691785535437589e+00
1.108048001149327888e+00
-1.644807775887784373e-01
-1.261403022043566580e+00
3.497460829521173764e+00
2.344448748116576553e+00
2.146422259749513728e+00
-4.960763426477342364e+00
-1.852032305767366438e+00
-1.591702053503297520e+00
7.199879122787677943e-01
1.077055801117978717e+00
-7.549727124195015904e-01
4.596751758117534337e-02
-6.048070760769945764e-01
-4.722463792455329212e-01
2.275700845140704587e+00
2.096886882082173997e+00
6.729805483496278384e-01
-8.121274358093728551e-01
-2.575204375078072871e+00
-1.602431389197860767e+00
8.159768354992422701e-01
-4.956572589411933905e-01
2.920597431122303078e+00
-1.402415397270004860e+00
3.311806298939359294e-01
-2.530266989611604345e+00
2.983103174437502503e-01
-2.841817837449411854e-03
-3.970114110711762123e-01
1.422554163783573244e+00
3.066824664993248462e-01
-1.747155954049219417e+00
1.646193802037259957e+00
-1.747144376207131700e+00
4.869547525219104500e-01
-2.085259862387403018e-01
2.754387346363529332e-01
-4.058747115516894155e-01
4.672307050306869769e-01
-2.020497481524330396e-01
2.840251482949014417e-01
4.937890524403911741e-01
-6.475261256449584835e-01
-3.713526854062791926e-01
5.725006414732007443e+00
4.628814341030391688e-01
-3.253608004275136523e+00
3.328103619453983697e+00
-4.132922606554913614e+00
-3.468619550267845852e+00
5.795137324977304161e-01
1.510384853267964900e+00
-1.976752254665456121e+00
1.792245083293835251e-01
-8.764619525410211054e-01
5.418273586031006062e-01
2.166429834460842585e+00
1.253471880750836931e+00
-6.542610427576107668e-01
-1.873488524552584522e-01
-1.986272878673688069e+00
-5.388535056120105082e-01
3.989072095331451351e+00
4.215319570565029039e+00
-3.071962322230746167e+00
7.275452371532082907e-01
-2.653869724373393524e+00
-4.422712112184527200e+00
6.241767339848451002e+00
1.859555754144906814e+00
-2.040405929080094438e+00
-1.274103608557368261e+00
-2.476699143853792862e+00
-3.186548543242835763e+00
-5.411656317667166149e-01
1.583228587186297887e+00
-4.493504304857935949e-01
6.206298503444429571e-01
1.193857030623277637e+00
-2.491302323591256140e+00
2.475674086029286514e+00
-3.934186894349096519e-01
1.917272292448458870e+00
-2.315732899001119449e-01
-1.293976092349296891e+00
-2.412964422473621084e+00
4.357367795534315746e+00
2.617989758764863950e+00
4.432353213371811762e+00
-2.567481682982048596e+00
-3.416135742992949531e+00
-5.715712093803816174e+00
1.712511938578074933e+00
7.960400466564863109e-01
-1.349384296787519588e+00
-2.227655880540950761e+00
-5.945452616675339641e-01
1.675016068466021579e+00
4.577654189317527766e+00
-3.099586843082420273e-01
-2.371874174044222627e+00
-1.011049091270393774e+00
-5.241284618116708316e-01
-5.288673068862692617e-01
5.276069963798377671e+00
4.252456314506758872e+00
-3.381381250352603729e+00
2.473710671004241135e+00
-5.503575785842400592e+00
-5.209650155730244592e+00
