-5.573615727036518308e-03
-1.519846763949450619e-03
1.663119334897045221e-03
-4.595237139544128269e-04
-3.159559899186659138e-02
1.189471238871453451e-02
2.766137002531521283e-02
4.072203968127841023e-02
-2.184296081914127718e-02
6.715418573482123676e-03
1.026443326708870174e-02
2.678209226611949489e-02
-2.426504721322197966e-02
-7.596181951459168857e-04
4.719595699682388457e-03
5.205104149917705314e-03
-1.983658251975528586e-02
-3.892724758593368861e-03
-3.626506993235301124e-03
8.803338236499813618e-03
-4.197726459976647284e-02
-6.073741291482415150e-03
2.067106962784981405e-02
4.797041688731296105e-02
3.148336802318407734e-03
-5.487369281014675693e-03
1.744778651909029143e-02
4.759712390978521057e-02
-2.756639755686118853e-02
-2.063686439406198225e-02
2.986220945384343572e-02
2.762551923154399347e-02
-9.838432515009376544e-03
-5.746701710594548373e-03
2.148170370832191978e-02
2.795411642903400384e-02
-2.125537138157129746e-02
8.117501621893730146e-04
2.633754187633119415e-03
3.718898682405136213e-02
-4.545183041543832125e-02
-9.453339840153285323e-03
-7.456943316740849426e-03
1.171310020983140632e-02
-5.942671206771832360e-03
7.838348287541041515e-03
3.201691508060378055e-03
3.296489183958462021e-02
-3.402490334889041179e-03
1.167941245771708658e-02
1.475800351256717491e-02
2.214512841919802355e-02
-1.118497676809382391e-02
7.940741300150877535e-03
3.168065801574693197e-03
1.670372785002061100e-02
-2.882216625821998335e-02
-1.759696510083852417e-02
-7.019588518783370645e-03
1.123021946150215555e-02
-1.526623876457589013e-02
-1.136012293529864436e-02
4.191274216438944933e-03
2.164113546510360031e-02
-1.733106412444040956e-02
4.705239430111918253e-03
1.462354960778866619e-02
3.026447850930247263e-02
5.931547433293271610e-03
6.961035681071647829e-03
1.722097923094056959e-02
2.691854759833645083e-02
-1.319694320852482505e-02
-1.505024092567097682e-02
1.860993303510305452e-03
1.116976335534292097e-02
-3.386999854542493971e-02
1.015436443201300776e-02
2.299595579691748881e-02
2.389560276609037359e-02
-1.482672664686890407e-02
-9.048466437100444182e-04
4.548414983175153026e-03
2.273439281262401579e-02
-2.136198673583833418e-02
-1.678906971889659872e-02
-1.007262196786018471e-02
2.385313335163674608e-02
-1.829378625905664357e-02
6.872471674961300181e-04
1.207181229287423996e-02
9.083019394851010730e-03
-4.492407067506576368e-02
7.583386751705889495e-03
2.846512301407688739e-02
3.308284043052012180e-02
-4.012647051903828199e-02
1.013780037318245952e-02
4.428784173446320693e-02
6.016317890367051113e-02
-5.448208460553827237e-03
-4.210875758048127082e-03
6.556224619762573980e-03
7.860441294782027910e-03
4.421796928137045057e-03
1.019567381275887641e-02
2.869147516165537759e-02
4.134097994789631692e-02
-3.969482689895986738e-02
-1.692485674388533035e-02
-4.342342293901513273e-04
7.273263557079134856e-02
