-3.951615223352447970e+00
2.735510607934116933e+00
1.220224379005657056e+00
2.945267551533788719e+00
9.176119196775687215e-01
-3.671609888941773647e+00
2.550885597030287499e+00
1.992901089984258078e-01
-1.388682716317305221e+00
4.873843067072840540e-01
-2.339352436436001881e-01
-1.897208178395771938e+00
1.550074436014952539e+00
8.952541877475681531e-01
-1.454967472829750363e+00
-2.896576453662333961e-01
1.763799482280461461e-01
-9.196513011248015346e-01
8.874914450568240909e-01
3.529095476604609871e+00
-6.841968670170928135e-01
-1.563310087018209060e+00
-7.947814184200439058e-01
-1.291699172839713583e+00
-2.530603477669615131e-01
7.048494659536856943e-01
3.220762153175485309e+00
3.690836995255750708e-01
-1.905801036896875189e+00
-2.239262532493043523e+00
3.614826779441187909e+00
2.692657916300902343e-01
-2.253226803232266207e+00
2.180836162370667353e+00
-2.429566466780784140e+00
-2.010944201644790041e+00
-1.701944648364531076e+00
3.457454581380261516e-01
3.797091566257336126e+00
-2.144300721198362680e+00
1.361238924683945584e+00
-1.982253806223880588e+00
-2.171594431091534716e+00
1.607161014869674887e+00
2.540479950778319562e+00
-5.843390263060399548e-01
4.526684752461562766e-02
-1.484294100338971134e+00
1.475963997942201900e+00
2.527182534397311997e+00
-3.229578124491510493e+00
2.195612567092553036e-03
-3.153701362883083448e-01
-7.713041682085730599e-01
3.748600553195160501e+00
-3.571874452837633385e+00
4.610342581139491358e+00
-3.743355026718930390e+00
-3.588015344085448532e+00
2.181733604917837965e+00
9.322223726787512987e-01
3.201782487071284322e+00
-6.528338280041069197e+00
3.190211979481148319e+00
-1.784892312844334583e+00
7.905390157264520212e-01
3.150402811523818514e+00
-4.642832664469210613e+00
1.983213949434414758e+00
1.279037712796764481e-01
1.336464350830226522e-01
-7.393486624744980418e-01
2.602203568606881845e+00
2.295892857720374991e+00
-1.956182161410666254e+00
1.040434124061107468e+00
-1.506530997106281689e+00
-3.091609333438455565e+00
-1.737516876824912515e+00
2.773456273637762592e+00
-1.778834103873805361e+00
3.532989067654995097e+00
-1.728318539406899390e+00
-1.516285293385948307e+00
1.547216656156678027e-01
4.213433006007733184e+00
-1.616398224756920854e+00
4.779158453962395470e-01
-9.767842217300994889e-01
-2.282867784932690824e+00
5.906573162773938179e+00
-2.134026858203441179e+00
2.637390075072389095e+00
-7.075807586204277300e+00
3.564706410345678478e+00
-5.001493900068453513e+00
4.179733235938542180e+00
1.002622790211248116e+00
-2.861410849865208661e+00
3.890617990702210705e+00
-3.037197668844996201e+00
-4.427343702291679506e+00
4.094815065494358919e+00
1.368060924822344759e+00
-3.025470053868190234e+00
-9.187357959997370926e-01
-6.222539226502732390e-01
-1.290964812857367860e+00
3.961709979128229975e+00
2.419653667569775735e+00
-2.840567013351559922e+00
3.713219765837223463e+00
-1.838755667666376326e+00
-6.002318736127946863e+00
-8.382525600715382552e-01
2.614533733926094783e+00
1.455640457360715345e+00
6.888200803536363992e-01
-9.041442637173560115e-01
-3.045260879976169122e+00
-6.736790318233119024e-01
-2.329592683671933173e+00
-2.398846019863015044e+00
2.643130792718409339e+00
2.432864051253318394e+00
-1.749935295365645516e-01
-1.055113244497093206e+00
2.895336929975641738e+00
3.248225349540661000e+00
-3.292769555436478868e+00
2.068239515930955008e+00
-4.258355758795545398e+00
3.466515322039739999e+00
-2.085448256552382418e-01
-5.356882118181033547e+00
2.461301312807918862e+00
7.475733354051925517e-01
-1.164871430617566261e+00
-1.272735781608787420e+00
3.652509939900397740e+00
2.589690369382068980e+00
-3.622947696793119121e+00
-3.700792590921835767e+00
1.400689159717785515e+00
-4.272758102217721898e-01
2.955856506683758766e+00
1.086145367036422726e+00
-1.335654248378503439e+00
-4.125651956034488421e-01
-1.994066038697141607e+00
4.589663692861250865e+00
-1.384870129673714700e+00
3.403343662151669946e+00
-1.057633172499080842e+00
-1.056702576869909649e+00
-4.832775282567553177e+00
2.468388216663726098e-01
-1.427054759604118317e-01
4.047325465522092713e+00
1.095973034031814564e+00
-5.335758227230371631e+00
6.987758202488691950e-02
-1.186865831958570539e+00
-1.575989450417267790e-01
1.679586673470623737e+00
-1.567763038578249279e-01
-7.860540979921921689e-01
4.773573996230311423e-01
