-7.322690465046810537e-02
-6.152547740139824306e-02
-1.945996725109488956e-02
7.447865760034866334e-02
-2.431066312786422934e-02
-1.865880597184110812e-02
7.753629364197323071e-03
5.684780248522258717e-03
-2.998937669962065122e-02
-2.149281786166179486e-02
-1.328645011193052561e-02
3.834645057880559094e-03
-7.941907592338459665e-02
-1.158562446120781075e-02
1.406822243302108255e-02
2.110074120073157644e-02
-1.098762722969737204e-01
-1.103764104954874092e-02
-2.286171222431865324e-02
6.545271490944681858e-02
-2.707531115404360200e-02
-1.880938005907162314e-02
-5.175362352046963821e-03
-2.109469475460867827e-03
-8.325487547738874561e-02
-3.422424828998238411e-02
3.234693273226119103e-03
1.858775162010317672e-02
-5.236188193132407243e-02
-9.773628624950791988e-03
-1.005368072296097814e-02
1.654719605674714877e-02
-4.509031229580084954e-02
2.084294414588683253e-03
9.305654306613675431e-03
-2.876198628838366744e-03
-8.419860031295001157e-02
-1.671847724072472730e-02
-1.536927773223784044e-03
1.150833301019149602e-02
-3.061923645134490002e-02
-2.558093588362186921e-02
-3.611930510210314971e-02
9.901688149144272089e-03
-3.717232062558162298e-02
-3.090826240394672908e-02
2.132211172270803701e-03
1.284445793852451168e-02
-3.258217901225002322e-02
-1.399358800726280272e-02
-5.982015469654156092e-03
2.102309338394436899e-02
-5.152897263160438612e-02
-3.614315882926022461e-02
-5.637639515893466680e-03
1.305902617860543735e-02
-1.231602433639504834e-01
-1.489598423109028680e-02
3.118822475326910038e-03
5.134738115715498097e-02
-5.635964909689605840e-02
-4.087393962499086264e-02
-8.723545702871815521e-03
2.822850294877699007e-02
-4.929526414328111450e-02
-2.977439275394222484e-02
-1.967109623827600906e-02
2.207933174638299079e-02
-5.753383140394108253e-02
-2.211931833494240607e-02
1.895868812468126663e-02
8.892824798562015687e-03
-1.075137488633135519e-01
-9.044957632560945981e-02
3.595525878869931802e-02
4.976290781882730663e-02
-7.782347567088754303e-02
-2.569502100213516549e-02
-3.307543690869829689e-02
6.795085955234170250e-02
-5.813220825765208488e-02
-4.553828456994146734e-02
1.612682900553918941e-02
2.084425033158643359e-02
-7.352426751440988006e-02
-2.998435391045051190e-02
-2.361814399096262562e-02
8.589585911255248618e-03
-3.782464118416295484e-02
-4.127642022616995199e-02
-2.028317168952575855e-02
2.732288160685047984e-03
-3.686823357192148265e-02
-2.978009293830230497e-02
2.046619855828946122e-02
2.624884976834995776e-02
-8.880115609231342688e-02
-4.865426897602120881e-02
1.683448620028160647e-02
1.539621656982714804e-02
-9.401576121947918807e-02
-6.725658906887166388e-02
2.733247462656707150e-02
3.182841024897298254e-02
-1.009214358808530054e-01
-2.076838358909682825e-02
-1.341915270922244829e-02
1.707431073775511621e-02
-1.742069276457391958e-02
-2.215207939620222888e-02
-3.755353421285079207e-03
-1.577064276687911715e-03
