-5.676117401061198109e-02
2.501515159154976686e-03
-2.845352177479831823e-03
2.461847151322626992e-02
-7.585368072528853034e-03
-6.932552302818750789e-03
5.564713807267862578e-03
-1.250843480074870229e-03
-1.728313430972616693e-02
-1.728271433333405938e-02
-7.230781061062785398e-05
2.503369194349014393e-02
-1.904052654422372370e-02
-4.290157909365044375e-03
-1.081241558747092490e-02
1.589758653070449945e-02
-5.214157054329926488e-02
-4.896258615531889902e-03
2.387383212087312856e-03
1.539642679643615786e-02
-6.514110976884479598e-03
-6.513858958693941048e-03
-2.376290270082348499e-03
2.029026266270594903e-02
-2.575703295112097280e-02
-1.441547089707495566e-02
-5.618832177531896122e-04
1.245949203671514738e-02
-1.574545895916457106e-02
-6.119058608388794340e-03
-1.612822279567405204e-02
2.373549909318084516e-02
-8.961482137395782033e-03
-8.960969358623005476e-03
-7.156836795846333033e-03
3.640666881253551423e-02
-7.143549172362373412e-03
-2.397489904371052916e-03
1.226700467596542055e-03
-7.574176725806402999e-04
-1.338621782533078175e-02
-1.708206944560641816e-03
-1.115069419057812539e-02
1.231119225164611919e-03
-5.487071642109109249e-02
-4.114297486571771856e-03
3.205062853155693503e-03
3.167636958153630111e-02
-7.584511752956935027e-03
-6.932102970821141241e-03
5.564859502966923444e-03
-1.251339157443576156e-03
-1.077269036028205562e-02
-1.579046382331306120e-03
-1.358903556889723419e-03
-9.192755688249842905e-03
-5.127663160913220608e-02
1.006538402480483541e-02
1.006574176328678405e-02
1.342764907868954083e-02
-5.214170823196040416e-02
-4.896493107904520414e-03
2.387213101116891778e-03
1.539611593086709362e-02
-4.631261753234849898e-02
4.148729319339627963e-03
1.337424833086253706e-02
5.113929503866243564e-03
1.671442385380306206e-03
3.908147928620486766e-03
3.909200487550945624e-03
1.394102912180605891e-02
-1.574551551003722238e-02
-6.119309152932794760e-03
-1.612792691185438443e-02
2.373566405805349611e-02
-4.682351470534684701e-02
-5.529574038979800932e-03
1.010302761112447101e-02
3.118475772910800359e-03
-4.342518757554092446e-02
7.978858443764558217e-03
7.979035661563216308e-03
5.247193914856618235e-03
-1.338727110508419749e-02
-1.708477616018777567e-03
-1.115072861211396926e-02
1.231671645733678488e-03
-5.487112761234880232e-02
-4.114657766103091419e-03
3.205646093913827599e-03
3.167485394664248943e-02
-5.676229963746237672e-02
2.500983265469658434e-03
-2.845823534074254368e-03
2.461815991984961371e-02
-4.295721561492937823e-03
-4.294649197739142110e-03
1.136570583361473652e-03
1.631294639896641030e-04
-1.077282754000874476e-02
-1.578834416900765092e-03
-1.359238633431125720e-03
-9.192714873281104815e-03
-1.904091686062137079e-02
-4.290116694741552550e-03
-1.081247657302997212e-02
1.589706097183962719e-02
-3.259821469398849203e-03
1.877225520171554862e-03
1.877361455391080014e-03
-6.283213066775594768e-03
-4.631368296847782062e-02
4.148099480770106595e-03
1.337387468703621352e-02
5.114278294583218809e-03
-2.575771251245395632e-02
-1.441629031358893087e-02
-5.626717343527598558e-04
1.245889157277191295e-02
-5.755191016045824171e-04
-5.748128744051950179e-04
5.097305151976039284e-03
-5.864782734226414718e-03
-4.682318519099037957e-02
-5.529224499378537772e-03
1.010305717342641074e-02
3.118490570549692364e-03
-7.144025639102657976e-03
-2.396972916462791758e-03
1.226819959777802893e-03
-7.578060756190385661e-04
-4.587559299973342775e-03
-1.426004787695722698e-03
-1.425625363957294667e-03
3.060627198696375117e-03
