2.792206975448081607e+00
3.138518948589364754e+00
-3.992811112639301996e+00
3.181436767796412823e-01
-1.237656097170273028e+00
-1.124938503203011919e+00
7.840129050793365195e-01
2.084162649126284350e-01
-2.799476571168213468e-01
2.636297410031858135e-01
-3.216260941862714162e-01
-7.330936481597092325e-01
1.874680470938159260e+00
9.040863631601609995e-01
-1.416434946063901634e+00
9.039711184792622589e-01
-1.416337396323385178e+00
-1.146522568487554850e+00
7.162875632543688198e-01
1.718674020992395413e+00
-2.051757500622031216e+00
6.139901374687042335e-01
-1.013978474994232215e+00
6.599119561226984843e-02
-2.757021444056718451e+00
2.296349782642096216e+00
1.936952859735129095e+00
-1.437010591720166985e-01
-4.904234264193831905e-01
-8.210499402145785552e-01
4.580773168625427161e-01
3.643615218479254736e-01
-4.456336231631041755e-01
3.644075731901352810e-01
-4.456697207243536241e-01
-3.664872199052098267e-01
2.504963684007734059e+00
7.465676940230281389e-01
-1.889073637593966737e+00
1.176427980675825324e+00
-1.672791004119019931e+00
-1.251473534439952573e+00
2.871773876690895122e-01
1.879434560453034919e+00
-2.389219657708295586e+00
1.223210614078368508e+00
-6.288638243810140693e-01
-3.271648201242811638e-01
1.236605173457718365e+00
6.910226066928686350e-01
-5.799856808965273558e-01
6.912490985343424654e-01
-5.798752300341902810e-01
-1.511711776601515567e+00
5.849728417543929027e-01
5.793967199449809868e-01
-3.019104397434517750e-01
2.773450129604100312e-01
-4.165179649015300356e-01
-8.137732011152394307e-01
1.231835383995587563e-01
-5.680780704737316000e-01
7.727496380584994995e-01
-3.065419155713300370e-02
-1.210001566517888705e-01
-2.189079540410432401e-01
4.566317371638604072e+00
-7.470718680583559035e-01
-1.841675119496841262e+00
8.242985996176486196e-01
-2.632982626569301488e+00
-1.758097029588725491e-01
7.841071182377561399e-01
2.083825291915246680e-01
-2.798994822050104858e-01
2.635874023960695922e-01
-3.217025538614848301e-01
-7.330852388010669074e-01
5.767231097186993338e-01
-3.509908949180839954e-02
-5.518024193777932851e-01
1.440285794728168867e-01
-1.172715938909050237e-01
-5.515582669178797914e-02
-1.104489714196645878e+00
-1.104637180813199393e+00
3.399552987582396213e+00
1.027581850076728642e-01
-6.285289147883617034e-01
-6.288882257805568088e-01
-2.757025659983398214e+00
2.296292282997711709e+00
1.937067710788682007e+00
-1.436932247014510722e-01
-4.906853633384429259e-01
-8.208560176698398436e-01
2.231029923897253298e+00
1.823259478041734383e+00
-2.819127434253658748e+00
-5.628282479883068845e-01
-1.815362749680957677e-01
-7.424344037998764634e-01
1.374870269778341481e+00
1.375062566043823153e+00
-1.341011623539202446e+00
8.376596286508544154e-01
-1.266531471553662413e+00
-1.266419469868750980e+00
2.874799419840172732e-01
1.879351593016437505e+00
-2.389453832171867020e+00
1.223278052201465016e+00
-6.288839555359260203e-01
-3.272099720716141746e-01
-3.060139979330102733e+00
1.974522971332106636e+00
2.001385093503415646e+00
-2.369265302901197856e-01
-1.258218877851362549e-01
-5.311439919595528636e-01
1.869159058866102896e+00
1.868888516601757033e+00
-2.809196619688663077e+00
-6.555640049133302227e-01
-2.390996568428676028e-01
-2.390376173188712983e-01
1.232080595601985351e-01
-5.681285726070370856e-01
7.728887918464550921e-01
-3.072173210640016805e-02
-1.211354178909544999e-01
-2.188206068541660443e-01
4.566397530781472369e+00
-7.470826792605009814e-01
-1.841650636595119295e+00
8.242647227701951351e-01
-2.632869319052389301e+00
-1.759883550311514000e-01
2.791846480022059040e+00
3.138319641574270236e+00
-3.992586774559924834e+00
3.181491151152471275e-01
-1.237431244646984396e+00
-1.124792850828100654e+00
5.003741482245800398e-01
2.189182572919889935e-01
-2.833331162340897436e-01
2.190194715929010272e-01
-2.832024442526090979e-01
-4.265610593475486212e-01
5.767907487525576471e-01
-3.531036307487056547e-02
-5.517573241010325091e-01
1.439917926446980800e-01
-1.170515928144340023e-01
-5.523119619374483591e-02
7.164728246731328909e-01
1.718809924394648192e+00
-2.051688561098501395e+00
6.138908658819417496e-01
-1.014204856785184461e+00
6.591879054319349507e-02
1.475111066084195954e-01
1.473486277568696323e-01
1.737634877356697416e-01
-1.455227123110205412e-01
-1.660224586254628321e-01
-1.659820860916170204e-01
2.231047344282998779e+00
1.823361828235434245e+00
-2.819233805682856087e+00
-5.628355714987378633e-01
-1.815489279287021418e-01
-7.424374069881025662e-01
2.504623917730569360e+00
7.466852763052571618e-01
-1.888990654700819505e+00
1.176566289910837781e+00
-1.672907548514388054e+00
-1.251342356180771276e+00
1.763351812865749935e-01
-4.734936725797211921e-01
4.162661537402527756e-01
-4.730924799016378302e-01
4.163205684053963296e-01
-3.132597764320621536e-02
-3.060144789355334183e+00
1.974734106819980184e+00
2.001364945970067311e+00
-2.368880008367852952e-01
-1.258713102382955640e-01
-5.313280016968917607e-01
5.850048183605167651e-01
5.795246215604379358e-01
-3.019808867987876511e-01
2.771805523290993278e-01
-4.164012303898516620e-01
-8.138164301228414388e-01
4.347651218490966585e-02
4.374181379100150480e-02
3.675407061545854503e-02
2.685779521529241265e-02
-7.839402127432038014e-02
-7.834518830811987300e-02
