1.796999543901677043e+00
1.325662021088433562e+00
2.687853230664529747e-01
1.517955695283461637e-01
-1.741050235492366483e+00
-1.921493378927934259e+00
3.459507234760366146e-01
-8.065879783750062870e-02
2.990259743167342776e-01
-2.187615722007905106e-01
-2.347122553513258936e-02
-3.276416241088924153e-01
-1.929927901326777828e-02
1.629444762917842127e-02
6.915730914071644975e-01
-3.871345627298410363e-01
-1.244157528908687027e-01
-1.625925679319664141e-01
1.038391020185841285e+00
1.533072259357055600e+00
1.620040135142289728e+00
-8.372321044403321366e-01
-1.255088510876163355e+00
-2.007677049614628118e+00
1.135191255260124876e+00
1.178149975558909546e+00
-2.349320873414143307e+00
5.855845102152983372e-01
-2.839613389741941774e-01
-2.429026983067359424e-01
2.786742051560082700e-01
7.386974833967485665e-02
2.040116869877266481e-01
-2.782795738467740421e-01
-1.319220636943896352e-03
-2.831627006815295999e-01
3.869376006544911206e-01
3.786362354580319334e-02
6.723719943043136027e-01
-2.930604080765846220e-01
-1.899478831223575526e-01
-6.294247356295699092e-01
-1.776427122556327731e-01
1.034195550485605963e-01
1.324911266589481329e-01
3.908728766172941960e-01
-9.863260606668688979e-02
-3.664071681260026025e-01
4.558046471165226876e-01
3.073543593702652288e-01
2.406233362568869438e+00
-1.969963098995322071e-01
-1.603253000397401706e+00
-1.484008734317626477e+00
8.889771510889801220e-01
6.300692326066865689e-01
1.564455496389911104e+00
5.751853050328747941e-02
-1.537579477224056745e+00
-1.739987209858412598e+00
5.571029537166793943e-01
1.226048401673978105e-01
-8.415922992286084536e-02
1.291704983070616208e-01
-1.580592489276000379e-01
-6.151597608614025603e-01
1.563870105415503531e-01
5.080369513633087308e-01
-2.042679617828042637e-01
-2.325585741462390388e-01
-3.333830523101255494e-02
-2.176320784221559279e-01
6.700706388676849201e-01
1.569172228831092752e-01
2.285051990572256386e+00
-4.400426246131559083e-01
-1.287321419945854473e+00
-1.526293292864309592e+00
7.876326327652805048e-02
1.828571907602452029e-01
2.147631052370826410e-01
-1.143826141532287011e-01
-1.165856718155566796e-01
-2.541896725065981855e-01
2.043606722551061239e-01
1.835270328932807615e-01
1.678391198845474719e-02
1.689733882717803226e-01
-1.316364651547559106e-01
-4.488426679010046882e-01
1.139981686199874389e+00
-8.833422267392592175e-01
-1.010804836342927615e+00
1.539751280622297713e+00
1.618568061063484720e+00
-2.314223448603001998e+00
-1.511029971766987501e+00
7.857750742274447475e-01
1.419556557378598427e-01
-2.291694417150296204e-01
1.285905953819167280e+00
-4.628393019574019718e-01
1.799333944165681487e+00
2.662570273479261118e+00
-9.693521136922811365e-02
-7.234965151156842467e-01
-1.120153580733273202e+00
-2.698612235277281002e+00
-8.421872325470758369e-02
4.706700757931514545e-02
7.383400222102949328e-01
-3.237810022707918733e-01
-2.214235344734163391e-01
-1.428260069157119005e-01
-1.505864629665722987e-01
4.690749757031085210e-01
-8.033225701754531656e-02
-2.576344065671918315e-01
9.800262720014529805e-02
-8.160370389327908924e-02
9.489623545429992646e-01
7.569257641247872925e-01
1.488565160165919110e+00
-7.144668342071724965e-02
-1.524671783687480797e+00
-1.743875415694972730e+00
1.183737899364700752e-01
1.907845581254008493e-01
-2.156134291740130493e-01
-6.678581022967478020e-03
-2.468869499816293001e-01
1.437324728358220227e-01
1.224143368040756741e+00
8.850418967500672807e-02
5.222693143382173275e-02
-7.984036062551922441e-01
-2.658282338720567850e-01
-3.394120157921065584e-01
1.432475029187258997e+00
9.171807648560843518e-01
-1.941379618297006004e+00
1.804918279412390802e-01
2.258593108069817390e-02
-6.230322620129129518e-01
8.289003808423132114e-01
9.523469799266592872e-01
-7.290392701775374462e-01
6.992261671255448618e-01
-6.833555010245504491e-01
-1.076892217558850007e+00
4.431805681350056147e-01
-5.325529737706347078e-02
6.770182544562430849e-01
-1.756175905661621073e-01
-2.336027500073498686e-01
-6.769416988922216660e-01
-8.707787686461188059e-03
7.057058949337999820e-01
-2.607790291409344263e-01
-5.653462947504692693e-01
1.146958853101267550e-01
7.921765918624146252e-03
5.779996480043649854e-01
9.990606734094598096e-01
-4.365698354440610274e-01
7.142008521613831817e-01
-8.504524362647032376e-01
-1.001510266731898469e+00
4.006144843335590622e-01
1.097882250888631006e-01
-8.840931446478350608e-02
1.750338795871897446e-01
-7.129260029392980869e-02
-5.656244914503929522e-01
1.689911233912752664e+00
1.187768548428223880e+00
-1.385736620244443884e+00
7.283996001765871142e-01
-1.308732198901495281e+00
-1.200051222550570174e+00
3.833144359054983852e+00
5.769937371011053528e-01
4.171989643475626508e-02
-2.397477577524966819e-01
-3.633447654846960972e+00
-7.321800291366855618e-01
7.491217322844079263e-02
1.467661578448513637e-01
2.001597218231268016e-01
-2.897631458203875354e-02
-6.970214152366338567e-02
-3.339802262037920855e-01
1.173911390912820707e-01
5.881391528014034975e-02
5.877481589963906572e-01
-4.736165660891344942e-02
-3.312826305197091870e-01
-3.947594992069269892e-01
2.155070337027410687e+00
1.037858117812362480e+00
-1.637421009236419422e+00
8.969654003836780021e-01
-1.622407345171595239e+00
-1.173037729898084081e+00
