-2.603471304702953404e-02
-1.853896185864289947e-03
-3.195951531202334550e-03
3.825111141325865383e-02
-5.754289485326857800e-03
-9.272320877167228304e-04
5.224710734062387729e-03
-1.685507664319185750e-03
-2.428363648470988068e-03
3.168699584910283917e-03
4.083802245101075812e-03
2.721117244094850562e-03
-1.573255496173087131e-02
-3.350514502829193830e-03
1.650487498542396736e-02
1.794460567233069348e-02
-1.690189986629553331e-02
-9.566894364125611006e-03
-4.286089159217576494e-03
1.280530360415021995e-02
-6.082442829224543601e-03
-1.663470539114975111e-05
5.163895836674647910e-03
-2.240294337117365586e-03
-5.110896958816280033e-03
3.421278179007725129e-04
8.150773302170399859e-03
1.720998683969243714e-03
-2.584521183229160357e-03
4.919112006194215070e-04
3.790493671932848585e-03
-1.265195514559058765e-03
-1.178730962193053067e-02
4.744059186085225477e-03
8.176929655794307195e-04
2.184582621390940282e-02
-1.846312252466542070e-02
3.268284767970808247e-03
8.219277545448822053e-03
1.356744504544660224e-02
-3.270407400309371937e-03
-2.481279317283258123e-03
4.909764201598276756e-03
-2.947309344800697062e-03
-2.118406204067779797e-03
2.309569172245229396e-04
2.736553423739351842e-03
-3.103198849780053337e-03
-1.206061897374088865e-02
6.181272441824203767e-03
8.329425996427275436e-04
2.221999363795812421e-02
-6.157961701881431438e-03
-2.208618185230992736e-04
4.466546858899356209e-03
-4.321745442374957946e-04
-2.074865806886760922e-03
-1.888348065747669224e-03
-1.182016394299534312e-02
6.254830506068786988e-03
-2.283696431454540487e-03
-1.426133420715136602e-02
1.518894709976548185e-02
1.852432939229320397e-02
-1.357595498518993082e-02
6.298900639109206168e-03
-5.072856218809151940e-03
1.033104140397100856e-02
-2.680703297169784172e-02
-1.551605546943779501e-03
8.478995800384359072e-03
3.301052368057710851e-02
-2.543820650943606765e-03
2.967488868848677797e-03
3.569870299079846987e-03
2.382878834203960849e-03
-7.726342984617495802e-04
2.380501065040396824e-03
3.370670386105834027e-03
1.062854279164637816e-03
-1.856922413257433568e-02
3.482200297841409053e-03
8.222072963443904925e-03
1.400547537687257815e-02
-3.719419060399520305e-04
-9.084748591559055342e-05
2.336892497788234380e-03
1.747226062954743142e-03
-1.908883693719087837e-02
-1.261605945498622816e-03
1.639793130636735263e-02
7.182250405053824949e-03
-1.370523345302565588e-02
-3.825470620055115845e-03
-3.791477904357742901e-03
1.558900682722863529e-02
-1.166613255426796059e-02
-5.538167170191288236e-03
-4.202765138429764846e-03
2.571719261491334230e-02
-6.264087251355299202e-03
6.505392849966984414e-04
8.953645941267796005e-03
1.067176224933685802e-03
4.275434301141967097e-04
2.413894037170294382e-03
2.458076094111305565e-03
-1.059360916347840131e-03
-1.116546882710234279e-02
-5.559776983888653490e-03
-5.971392934074115644e-03
2.633489954419587775e-02
-3.224534282511681837e-03
-2.414636781838730428e-03
5.215484070216769297e-03
-1.778663855748430223e-03
-1.252182241505050975e-02
-1.219039330250182296e-02
5.612781271949529582e-03
1.812703280352701007e-02
-1.779838303460734572e-02
4.090164285351916007e-03
-2.905987006339927348e-03
1.944371189899252172e-02
-6.103852080583838102e-03
-9.920630961641752066e-04
4.946798777400562841e-03
-4.105983503055465889e-04
-4.266049804578564419e-03
7.097468364196668489e-04
8.908567924670318661e-04
2.367882132833631914e-02
-1.522381588836507760e-02
-1.201935352472771612e-02
2.997703484027836041e-03
1.634711352470108459e-02
