-7.096660261952658644e-03
7.495614116704629737e-03
-4.443108437097498253e-03
1.091064812813358209e-02
-2.855695507986166781e-02
-1.007686687541253789e-02
2.559312456860651785e-02
2.547702235711302166e-02
-1.080224147468888951e-02
-3.561803081191250442e-04
1.576478904195810493e-02
8.857383543509511625e-03
3.676441148678932791e-04
4.418915476673612730e-03
5.478252338843692115e-03
2.321298184428988165e-02
-1.900616396297527544e-02
-6.392518115641010468e-04
1.707825720961153593e-02
1.591925116255143990e-02
-3.387048881617071849e-02
-7.438053136971323198e-03
1.325918637552869761e-02
1.336486596900132717e-02
-4.243676465983892143e-03
-4.150555892412866044e-03
-7.876708628725914707e-03
2.938821498877586258e-02
-1.524950816232606421e-02
-1.314874329060744529e-03
7.121969948050255184e-03
7.718195168965102937e-03
-3.464393101008544917e-03
-3.808094856619703705e-03
1.607719630460313631e-02
2.057786122707927490e-02
-2.229229664419896118e-02
2.003513264567269303e-03
1.427339626711709997e-03
3.419197156697562079e-02
-2.275868178872286762e-02
-7.733138323814392479e-03
2.245483750521093391e-02
2.323206203807259840e-02
-2.747768365070091257e-02
6.357907618134372996e-03
7.632204754611349173e-03
2.880904797871020051e-02
-4.605635819830755651e-03
-3.603645695967605533e-03
9.726356528962476489e-03
1.701447700200353630e-02
-1.835151378242749765e-02
-5.444699620764215098e-03
5.867304196295330954e-03
1.062704736691522101e-02
8.195436211009266003e-04
4.823468337753267221e-03
8.689478518302262700e-03
-1.482110971475325556e-03
-1.961468204369065660e-02
6.494597942705571114e-03
4.967113013610857664e-03
2.165151407163534714e-02
-4.148558043837047293e-02
1.277197046149591841e-03
1.406678281806117425e-02
8.638767435266148098e-03
-4.113229171615495616e-03
-3.291589245661086238e-03
-7.126236946922492876e-03
2.896494808608296445e-02
-1.753814106654250082e-02
2.145368013469539648e-03
1.810176765143167721e-02
2.422535508228951251e-02
-2.523272090853789784e-02
-6.071224967428179298e-03
-7.387459788749994871e-03
2.339117745367214063e-02
-9.354061533526358829e-03
-6.545358212664664777e-03
7.786678830336013490e-03
1.335716752310367461e-02
-2.673565903709818059e-03
2.371782076949768836e-03
5.170268434935065827e-03
2.172929878051399477e-02
-1.987426164677774665e-02
-1.660485829616198394e-02
-3.509832583751482105e-03
2.415336459784445111e-02
-3.038878468663219756e-02
2.146343251410609554e-03
1.083883034860422256e-02
7.279052957772425003e-03
-1.930627689462727226e-02
-1.228559150179275861e-04
5.476305564847239182e-03
3.610062813771275358e-02
-4.224630734738887838e-03
-8.700300984525677350e-03
4.529335910184340008e-03
6.705354978046917935e-03
-3.046043333021875021e-02
-9.802005083816123232e-03
2.278606117263604069e-02
2.363750357102833988e-02
-6.993176309954662884e-03
-1.185245685123126336e-03
-1.256792082853985804e-02
2.592944898692506328e-02
-1.918923531846106201e-02
-4.832433717687933949e-03
1.937743790870327665e-02
2.617485961589061105e-02
-1.715515126712263694e-02
-1.400311792771669062e-03
1.689881856121733250e-02
2.258753480076780562e-02
-2.845487267454394065e-02
-7.828899170518210937e-03
-8.911010768043903241e-03
6.651878958074508574e-03
-8.831316657574861395e-03
2.008918531156034248e-03
-9.735188468287248043e-03
2.981236028363776214e-02
