3.964382030234077092e-01
6.984521834422281472e-01
4.480898725352915335e-01
-6.753332053526435175e-01
-3.560492082617372489e-02
-8.878395467417448117e-01
2.224671010675038474e+00
3.293831390712767870e+00
-1.151312895221536792e+00
1.717119932500281720e-01
-1.935838160381123885e+00
-3.204357432643988091e+00
8.733316152705441482e-01
1.273429973841331275e-01
1.376225808705385134e+00
-6.845157000762469579e-02
-5.186579500963972578e-01
-1.877881972358551366e+00
-3.242724331087032397e-01
-2.622046603397478748e-01
8.489044386877111492e-01
6.368549482132834783e-02
-1.160305431107531149e-01
-1.849248258459539329e-01
1.463747742600887136e+00
6.929545041879947576e-01
-7.861970155116040360e-01
-2.370408954358822484e-01
-4.920905767854009127e-01
-7.713149779739296719e-01
1.729887968264478104e+00
2.279101927655062809e+00
1.262583596648468642e+00
-7.209927797040052155e-01
-6.374318375849128415e-01
-4.071990789587289328e+00
5.773945822333530487e-01
7.231172561868106641e-01
-1.120701524124442017e+00
1.454113310696357075e+00
-8.454187151240262210e-01
-7.701409136053314342e-01
1.696628549422740662e-01
-4.241254005657708603e-01
-2.962541121981132619e-01
7.784772193834186282e-01
-1.845248039217040059e-03
-2.585394181072615538e-01
1.537287704619927808e+00
1.863523078241385633e+00
-1.374024077853277959e+00
-8.203889216566153664e-01
1.217172281549920854e+00
-2.380296046711421809e+00
1.385995441335538203e+00
2.687088905924667870e+00
-2.193475327085536719e-01
-7.049399411003633986e-01
-9.734077538129781715e-01
-2.297753659212560251e+00
1.290971506842836902e+00
9.295024006764833757e-01
9.290657485967841467e-01
-5.815911760570600109e-01
-5.085644162363962550e-01
-1.979799614486140058e+00
1.534989968375128910e+00
4.160026632361663701e+00
-1.297326412176516897e+00
-6.835667072429885138e-02
-1.872235747391783889e+00
-3.045461521373837854e+00
3.538712309895203134e+00
-4.215608320152313127e-01
-7.405325994156441993e-02
3.731753946076281636e-01
-1.672745581668934278e+00
-2.076072822100300641e+00
5.839994659952481015e-01
3.483989228411132899e-02
-1.127799007837921863e-01
-7.919256187261680680e-02
3.496566302220571743e-02
-4.421040847598050050e-01
1.919050700226136996e-01
4.663480650167031172e-01
-2.198958778348441001e-01
-1.247347916940100276e-01
2.842287432861212437e-01
-6.270320921482834819e-01
1.240406009766545026e+00
2.224171003810226921e-02
2.495693050144922154e+00
-9.117387836858910077e-01
-1.219319260523164417e+00
-1.855193392302339817e+00
2.192188332946756191e-01
2.323897534787192853e+00
2.764884814345592190e+00
-2.074028339267201204e+00
-1.270484429495851941e+00
-2.157755930962167668e+00
4.971808163889619436e-01
1.463244742064560455e+00
-7.323166948811774546e-01
6.940742163742328330e-01
-1.083651240305755437e+00
-8.203000652106453572e-01
1.342499656186632251e+00
2.294245554389050312e+00
1.395676661625614656e+00
-1.073920749605235869e+00
-1.486891540422149660e+00
-2.392604896391432590e+00
-2.028021560424662084e-01
1.361045886729229437e+00
-1.712038336701340313e-01
5.559498576236308054e-01
-2.435302133971930516e-01
-1.282292498527496605e+00
1.356039738748961554e+00
2.063025833029001888e-01
-1.203581231613384261e-01
-1.595530937928657522e-01
-4.942317975130094965e-01
-7.755136896496566123e-01
-8.522760873260892822e-02
1.688682835039401198e-02
8.065109095548450568e-01
-7.352339138401475793e-02
-1.445417560986612671e-01
-5.158705271201995401e-01
2.467718596600292358e+00
1.012400332516236290e+00
-1.799718260044599560e+00
9.666346480711496270e-01
-1.720129736316394542e+00
-1.314602194530493762e+00
-1.023869600187410356e+00
4.196175179432728441e+00
2.192483050037154158e+00
-2.135566069967765657e+00
-1.433930250499045655e+00
-2.046740485702102319e+00
1.556879599964943850e+00
2.386245702200255892e+00
-4.432663680828596853e-01
7.167196646236106972e-03
-1.176638505728590189e+00
-2.453910160649130034e+00
-1.274094264588114811e-01
5.540922198536577525e-01
6.462023502788696305e-01
-6.523873356056526518e-01
-7.917502953847588287e-01
2.771510967127710501e-01
2.618262589473800972e+00
3.543185892946013382e+00
-1.458409006122295182e+00
-1.659773195818559088e-02
-2.203522959010641102e+00
-3.162299324447332083e+00
4.611831709720490835e-01
8.498185407175071759e-01
-3.843570104312021840e-01
5.487837376802531253e-01
-8.443191093722788310e-01
-6.151050644716207216e-01
1.163951819625921758e+00
1.655504982195935781e+00
8.011999044068716103e-01
-4.685699836502692506e-01
-8.147328912869227224e-01
-2.254433952026531074e+00
3.788779504703768453e+00
-2.154537280843555891e-01
-1.307881720595958086e-01
-1.003087428639219070e+00
-1.826743561819753836e+00
-8.382662015137185563e-01
-8.262497583556864811e-01
1.775743625255699953e+00
9.725776861625092806e-01
8.516031151642806662e-01
-2.652434876626614368e+00
-8.425327546285643621e-02
2.658921127114268756e-01
1.842049975996332023e+00
-6.803033057124423522e-01
4.934902497223276896e-01
-1.118737190120043579e+00
-7.772596513703859955e-01
