-7.975603777183115639e-02
-4.854060882070476701e-02
-4.768991718309467664e-02
-4.239757032336255449e-02
-1.240346302162964598e-01
-8.937346186911532264e-02
-4.465522500018925811e-02
1.310209602305842935e-01
-1.272268189740113353e-01
-5.683721387042828255e-02
-1.572975167610546343e-02
1.160887754563022511e-03
-1.651883938841907096e-01
-1.170807783291520909e-01
-2.187912486273169144e-02
-1.160513796162532252e-02
-9.970920908346103673e-02
-7.139525643146571454e-02
-3.692622016563884557e-02
1.341755064577276890e-02
-1.035012694085881702e-01
4.470492975444306794e-02
8.113426694508651948e-02
1.099267681039068911e-01
-1.287453654812269477e-01
-2.349560034752840032e-02
-2.541375920693766943e-02
1.451512432712709355e-02
-1.376889543701165231e-01
-8.338101491583649327e-02
-7.164254681615922493e-02
2.996979774348451642e-02
-1.550450813217179036e-01
-7.582360162194645703e-02
-5.224838534115594513e-02
4.800315738991267622e-02
-1.253875258658918579e-01
-1.112788191150273498e-01
-7.255987704780642034e-03
6.194895979703440858e-02
-1.178322045987025835e-01
-8.825233413360744628e-02
-1.800524142323522980e-02
8.100911624230988650e-03
-1.388394996620763155e-01
-6.944586743181102584e-02
-4.675684724041495599e-02
9.422405581181125811e-02
-1.530299027370103371e-01
-9.325581517093306516e-02
-7.094085204805500311e-02
8.884065809426777705e-02
-7.180519392550976931e-02
-7.947610890409873008e-02
-4.178114593477344485e-02
2.602969515268505063e-02
-1.089231833027972662e-01
-4.939473472632260886e-02
-2.913068969834919919e-02
5.767773079022653349e-02
-1.186760586845814203e-01
-1.115919343970295241e-01
-2.368427165001740775e-02
9.294947965456934469e-02
-1.167281029690623306e-01
-6.012346512065835924e-02
-3.919184704108458206e-03
6.656863179048277956e-02
-1.102619478482069759e-01
-5.307414052604775279e-02
9.872439346413131034e-03
1.138510086588140346e-02
-1.006098960938384135e-01
-9.858292126014323031e-02
-9.811846525418466136e-02
-5.526399177134999618e-02
-1.637235324081780519e-01
-1.550221407172946986e-01
-1.367088960057083469e-02
4.939852446551062926e-02
-3.243018845760792246e-02
-3.501560842640416560e-02
-1.257220664406921706e-02
-7.501925312876300822e-03
-1.284134259574929438e-01
-8.797409165442027223e-02
-5.545328310572328334e-02
-5.478943668968572211e-02
-1.815163623880453603e-01
-6.916313524833994641e-02
-7.662792715288579970e-03
3.117686387409390747e-02
-1.547630794747973937e-01
-7.745639539671445029e-02
-3.875390340483075846e-02
4.277206620204587750e-04
-1.575286054959210702e-01
-1.040286457832340083e-01
-5.661327587150388752e-02
1.262354857320717727e-01
-1.464715343578715245e-01
-8.324114769392143565e-02
-1.474037225862989686e-02
2.011142808491328537e-02
