8.289142621078866568e-01
-8.486851516898866521e+00
-7.745696628978848253e+00
2.512847127704603167e+00
6.717239742036724692e+00
3.623470094253050888e+00
-6.919130009153775518e+00
-1.412527622635838043e+01
1.453741488602717880e+01
1.081550209963427278e+01
1.704772610061837668e+00
-6.097090945081092173e+00
-1.136592122769357616e+00
-5.429953441415904081e+00
3.204551403641602292e+00
-6.630692498974184446e-01
1.718581387350212708e+00
2.027644983366627685e+00
1.533392670697358540e+01
-1.034732483521125346e+01
-2.348305477025974142e+00
-5.725474544841517854e-01
-3.709480311211407866e+00
1.891849890036027659e+00
-6.029613036423270955e+00
3.198117142615330977e+00
6.318040862595793783e+00
2.297601322800773005e+00
2.503039807832792008e+00
-8.072601111316416223e+00
6.430743219361970375e+01
-1.688882088373956947e+01
-2.539792584426530198e+01
-2.667531005876351458e+01
-8.524026401480583104e+00
1.612223640991224727e+01
-5.264211275125987299e+00
3.087315786432199616e+00
1.346987608385774138e+00
-1.032486262534519028e+00
-4.273828759608690575e+00
5.632425604014912324e+00
-1.758220835841679275e+01
4.252490108136427693e+00
3.355132564904550918e+00
3.220475064245647445e+00
1.115952570127764432e+01
-4.830576629633796415e+00
3.889820715124272965e+00
-1.419748615160173699e+00
-5.283236031103115238e+00
-3.360693922709870662e+00
3.895625848902753319e+00
2.160610139756485637e+00
-8.141245897887273486e+00
8.979146898375944374e+00
-5.859280629638789151e+00
-5.194820113901045033e+00
9.996582830031371714e+00
4.949585538420819830e-01
-2.023666375224735248e-01
-3.941889766696860420e+00
3.739728682683974625e+00
-1.354650180103860180e+00
-3.514272214273574946e-01
1.879222863904843166e+00
-2.258345540700432252e+00
-7.311488576378295079e+00
7.159016500285531492e+00
-1.327863053904778212e+00
4.933951202524028190e+00
-1.996347688603421489e+00
-3.413671203663042775e+00
9.929674074439915898e+00
-7.545843596294560029e+00
-4.676081686881602195e+00
5.487173871127922098e+00
5.843365665525226404e-01
2.730383274949815586e+00
-9.176975895252894588e-01
3.029517696752321854e+00
-8.538561588682881620e+00
-1.536633903546501756e+00
4.369351241847397205e+00
-1.212780506762169352e+01
3.650224380852122863e+00
3.131219438279401857e+00
3.538220130190708801e+00
3.486255113843270692e+00
-1.518807081095971512e+00
-1.233522172435426967e+01
6.511364876634630150e+00
-5.830941389118464713e-01
1.028640438397223988e+01
4.390328333793718230e+00
-7.658059559943779959e+00
-9.470225891024142584e+00
2.903330080193711638e+00
2.975974675961410298e+00
5.726672575485750372e+00
5.374785811011406622e+00
-6.938482482562406517e+00
-1.021094531723490206e+01
5.104996193447206565e+00
-7.660751694006933121e-01
-2.572878378784992037e+00
1.245726227758974858e+01
-3.924291367701314925e+00
5.662840720495253777e+00
-4.979010324206583959e+00
-5.222499752592028699e+00
2.126177977535760988e+00
3.201536322710822446e+00
-1.584622603311103717e+00
4.845468179552369747e+00
-2.634459836494556839e+00
4.775835306197677710e-01
-1.099450722959923610e+01
2.097354226620410600e+00
5.683462103185817682e+00
-3.931488073205017031e+00
1.045968745869643612e+00
3.088914349736370468e+00
-1.038773309567346814e+00
-2.917060083330326847e+00
2.945469566346602619e+00
7.593159256246053701e-01
5.644925751607388520e+00
-6.537157038399200815e+00
-2.574733603779122859e+00
3.088789168585421407e+00
-1.826839863932718799e-01
4.421497424870239001e+00
-7.877037990088311403e+00
5.766060684384370916e+00
3.310726976861161575e+00
-7.092818957499346766e+00
1.939144358569066640e+00
-2.153363770622149787e+00
-1.250568189998239177e+01
2.649482593000769270e+00
-1.288970836940706022e+00
1.853493923262959697e+00
9.531065012717050422e+00
-2.006884696255397671e+00
-1.346222035469673983e+01
6.012330771744832703e+01
4.528349590616969067e+00
-2.552723638567898945e+01
-2.016746127601301453e+01
-7.770850069906799718e+00
-1.040953994127619353e+00
1.214133807676404331e+01
2.888664674333014659e+00
-1.077081674294944946e+00
-4.683423431252563773e+00
