-6.449896525950205017e-02
-3.574020621735840564e-02
-1.173686428223241762e-03
1.205475681648815467e-02
-1.997278993894990862e-02
-4.463839769267563540e-03
5.417103825573232889e-02
8.717613237676480331e-02
-9.202666496735911750e-02
-9.202653334861943257e-02
1.343603356226164003e-02
7.207828202812338603e-02
-6.449963130678826317e-02
-3.574019920389437388e-02
-1.173546538245417992e-03
1.205411029386604937e-02
-1.997360937264947012e-02
-4.464492598565295012e-03
5.417261932752426290e-02
8.717730857910166442e-02
-9.501074559945266174e-02
-5.048740375684435122e-02
-2.326553647002871372e-02
2.056812862018642107e-03
-5.882228482472484643e-02
-5.882191175849538212e-02
-8.668512740048761600e-03
3.126788950044789850e-02
-6.668657826086854534e-02
-6.668642571340610559e-02
-7.035522394229176690e-02
3.769658394416808278e-02
-9.501145861886350907e-02
-5.048749202836178007e-02
-2.326616751374910308e-02
2.057487138137137350e-03
-8.459029529191974817e-02
-5.936024444315357584e-02
1.230155860019466196e-02
6.479879076710215458e-03
-1.775006944682755439e-02
4.759683032420358728e-04
4.765255429632908601e-04
1.875411294908446713e-02
-7.529961238320725947e-02
-4.055669888892299291e-02
-4.055619150090672420e-02
1.803475577355717618e-03
-4.601512392755258141e-02
-3.770390853378380314e-02
-3.409905966694903867e-02
-1.519904783915437818e-02
-8.459068712491890629e-02
-5.935988907578937379e-02
1.230186813790123956e-02
6.480036205676720229e-03
-4.051439501897635687e-02
-1.574074870748587429e-02
8.272354698053652200e-03
1.317301755736921542e-02
-4.172900408438628972e-02
-3.378720185881700644e-02
-1.384437402217675306e-02
1.855183723582287669e-03
-3.624970925353543372e-02
-1.252465758946463836e-02
6.666118788024810726e-03
6.666838870786229165e-03
-1.227725860985853235e-01
-4.877431501169571249e-02
-4.877425051478412321e-02
3.491102695403269784e-02
-4.051445836364209185e-02
-1.574084056927671504e-02
8.272341149346607025e-03
1.317269785138930338e-02
-4.172882022471924301e-02
-3.378738317253193735e-02
-1.384490107964775341e-02
1.855899727739585003e-03
-4.601520248967805315e-02
-3.770386870425146419e-02
-3.409861800615265892e-02
-1.519909167303801212e-02
-8.785782331701574854e-02
-6.984137691616965071e-02
-6.984124997938501167e-02
4.046029975861609174e-02
-6.867146474219576469e-02
-2.944932370406738720e-02
3.668402787324609449e-04
7.887719586707531150e-03
-5.931466150350983568e-02
-4.573133263551554251e-02
-3.194227611106614795e-02
2.513540804587610644e-02
-8.876516233509734732e-02
-4.872646416440695738e-02
-4.392494621575138147e-02
-1.570131223097792628e-03
-8.533277280186091218e-02
-5.192926586747748097e-02
-1.383828275737819524e-02
4.238970707079880995e-02
4.230276832093649020e-03
4.230452334126333369e-03
4.382102562833001258e-03
4.271412256301743149e-02
-7.366690130825004346e-02
-3.769549648117820340e-02
-3.769498459213638242e-02
-2.654130627653938923e-02
-8.876538858369831253e-02
-4.872601489263050922e-02
-4.392522804465026631e-02
-1.571207424150289356e-03
-8.533248484831124081e-02
-5.192950240401428275e-02
-1.383811340073504148e-02
4.239000579484963893e-02
-6.867123040483358309e-02
-2.944972263887590813e-02
3.656453644682589044e-04
7.889009897028342877e-03
-5.931543886669810028e-02
-4.573093956831231210e-02
-3.194241861614743883e-02
2.513464308941948389e-02
