-1.402196422522438013e+01
3.228516558919650947e+00
1.677274626009747749e+00
5.265538907881278874e+00
4.328587840787378127e+00
-1.299910634771237028e+00
1.215512306731687886e+01
2.158033907516824002e+00
-8.388781916739247890e+00
6.773477996243840948e+00
-9.821031265831990709e+00
-1.030486055549779678e+01
-1.174852135486959526e+01
6.359299575011519323e+00
3.489628220230670763e+00
6.359212639075181528e+00
3.489557239605488803e+00
-7.096550664058682401e+00
-1.402176832486354385e+01
3.228491937958679614e+00
1.677190546409050853e+00
5.265623035317943845e+00
4.328625783345316336e+00
-1.300081335468945554e+00
1.215499687608665624e+01
2.157849226560827560e+00
-8.388801105242649214e+00
6.773853225197143502e+00
-9.821037636441047880e+00
-1.030496004837908686e+01
-7.822205039669967164e-01
-2.659550492069001848e+00
7.248435944989822133e+00
-9.739123719969171589e-01
-7.850949953631001677e+00
4.831633545573438937e+00
4.088682689080627597e+00
-8.956954566718479782e+00
2.476965475845645415e+00
-8.956976625809843995e+00
2.477095744481758288e+00
7.497833159188544982e+00
-7.824084374554871602e-01
-3.131689460698609651e+00
3.063564704574318398e+00
-3.131680560117601431e+00
3.063289859003205606e+00
2.661592702065007643e-01
-7.823033738618931920e-01
-2.659630778177927368e+00
7.248493054309165018e+00
-9.738752409183035752e-01
-7.850920569051638154e+00
4.831669105823635846e+00
-6.374111278729714058e+00
3.377587629771113598e+00
3.031319137460343427e+00
2.205381458394541028e+00
6.146596168954516770e-01
-2.721986399778046462e+00
-4.749382355865634509e-01
-4.748979332311193957e-01
-2.349532003417635906e-01
-3.466278245117564438e-01
7.305872355033926624e-01
7.305133699601782382e-01
-7.561158151052183030e-01
-7.561170162903181335e-01
-6.030952899941667056e+00
5.580509516849559759e+00
4.748779696703309128e-01
4.748533906472118815e-01
-9.881514678210109537e+00
-4.558645779343905247e+00
4.034547799171093629e+00
2.960679004729513508e+00
3.914791346084172119e+00
3.063545088390284832e+00
-6.374295785028024852e+00
3.377512945747426443e+00
3.031312375791230806e+00
2.205564959967745153e+00
6.148073143431247445e-01
-2.722035151410224785e+00
-6.192992077410082175e-01
-1.825499611867940075e+00
-2.385885754557094174e+00
4.109531286290319940e-01
1.574102006586997504e+00
2.467391389944339153e+00
-1.418361992016230033e+00
-1.831426575266959844e+00
5.928866490009596646e-01
1.721348231383217353e+00
1.437430685913156481e+00
-4.631197305778727014e-01
2.897145561331498698e+00
6.614553339547768473e-01
6.613596672132189269e-01
-2.513629192360482989e+00
-2.513466352396648062e+00
9.259931488724504334e-01
-6.756546463540288983e+00
-6.756575391807501774e+00
9.357913890928301726e+00
3.951239347429620352e+00
2.531262187045371093e-01
2.532065547463275834e-01
-6.192721606972071413e-01
-1.825497223094203036e+00
-2.385883372516914847e+00
4.108591544598709788e-01
1.574028941855402763e+00
2.467532244521024154e+00
-1.418348227471611267e+00
-1.831314553439952419e+00
5.927409017102576172e-01
1.721337870863692388e+00
1.437340649100136147e+00
-4.630012579677469375e-01
-9.881655846546948396e+00
-4.558594480797125925e+00
4.034536038102004341e+00
2.960707155778692368e+00
3.914753619026214437e+00
3.063638542835747103e+00
-5.954733313582636356e+00
-5.954707243995670751e+00
2.817317737911068320e+00
5.924140534542786440e+00
1.517186661076280529e+00
1.517013801730186628e+00
-1.349569403445491389e+01
3.282600993258142807e+00
1.374269480822974288e+00
4.946937273801268020e+00
4.205944108110443835e+00
-1.116517403036141332e+00
-3.821389552721015548e+00
4.663628115819165032e-01
2.245105082176365840e+00
-1.079515216914103348e+00
-5.715218025759298826e-01
2.255385813209073831e+00
-2.693172768230581937e+00
-2.833418751357385190e+00
7.966928604455659979e+00
-9.856490125863359708e-01
-6.420495646587340843e+00
4.599911935564534815e+00
-8.456876949609878125e+00
6.440028632472603931e+00
3.748628540958236499e+00
2.488760188458286393e+00
1.532906982241328819e+00
-5.331340472653977258e+00
1.065809268560968803e+00
1.364857622726916020e+00
-1.465396204096677479e+00
1.364802596554525849e+00
-1.465362698706684341e+00
-1.175369350047446915e+00
-8.839336609303671821e-01
-8.840434925971294433e-01
1.495670151931605574e+00
1.790996892696369969e+00
-7.538072559508606219e-01
-7.539596435305213618e-01
-2.693145415935333631e+00
-2.833409243946292122e+00
7.967039049157875752e+00
-9.856210141583829909e-01
-6.420375032682500205e+00
4.599640675970931625e+00
-8.456725681794509342e+00
6.439944792311138144e+00
3.748540420468174261e+00
2.488807348728812485e+00
1.532830843958905120e+00
-5.331296980632316718e+00
-1.349569058506574493e+01
3.282602224763195409e+00
1.374368604107587544e+00
4.947092364414515941e+00
4.205728051271606205e+00
-1.116546594955295291e+00
-3.821454617426809364e+00
4.661446854546653640e-01
2.245016104559368841e+00
-1.079458860288326605e+00
-5.714833254857296652e-01
2.255654011241148282e+00
