-1.400484632026721687e-01
-1.057757091921578407e-01
-2.589546531417674657e-02
1.143959716733944365e-01
-3.268534066628858703e-02
-1.152213525121315030e-02
-1.290752485660662252e-02
1.047866246634709952e-02
-4.566269754384100210e-02
-3.901663437025137959e-02
-3.557684442924702317e-02
-4.694366933780891316e-03
-1.264287898185756376e-01
-3.219436752454729600e-03
3.587894409693226372e-02
4.961636607948949340e-02
-1.388888885820305230e-01
-7.122667793084547228e-02
-6.188982096477624317e-02
9.512874920045688576e-02
-5.305190841326212770e-02
-3.112184794444328162e-02
-2.241519608399888952e-02
3.831414040980307689e-03
-1.276980291033704695e-01
-9.139318082519731767e-02
-3.386270591537754449e-02
4.359526009167002947e-02
-9.408313559176773033e-02
-5.633343375596044922e-02
-9.243585391862430001e-03
1.081034908480082990e-02
-5.896645483101181640e-02
-4.804610162688649488e-02
1.264887989858798356e-02
1.741172503535448612e-02
-1.184537319491194562e-01
-5.636250993757019323e-02
-3.920558125008843930e-02
2.185282368414176446e-02
-8.324501497120317950e-02
-5.092644549824965061e-02
-3.342144822760140244e-02
-4.364825603736210979e-02
-6.148301533933353547e-02
-4.579231075422973696e-02
-1.929242339137182682e-02
3.481670510282541819e-02
-2.853126542586692516e-02
-1.596930194999868213e-02
1.730207769897074144e-03
8.240605462681127591e-03
-8.978925818701166683e-02
-8.222186304460832318e-02
1.622237573569140778e-02
4.061011432193617487e-02
-1.891943491685916801e-01
-5.803421244189888029e-02
-9.640056236041916193e-03
1.626279396544028089e-02
-8.678228472696614126e-02
-7.097059134524430490e-02
-3.074288379946565897e-02
3.603402921499454514e-02
-4.913261873717611472e-02
-3.490652688022155559e-02
-3.053371106897784237e-02
-1.411905028133064732e-02
-6.258296687633313482e-02
-4.523912828719067747e-02
-2.750149534743173696e-02
2.107316101739797887e-02
-1.921176834850468751e-01
-9.885640857184507801e-02
-5.433339671041470531e-02
3.031662049575389872e-03
-1.200451675397167239e-01
-7.265869406202174474e-02
-6.053077975151510692e-02
7.963384817099528057e-02
-1.315218991183826347e-01
3.642392229542101845e-03
1.314730970450694869e-02
2.019486947149640166e-02
-1.138330018887732109e-01
-9.130543876403818260e-02
-8.619300954258579672e-02
1.239299490174117224e-02
-9.022052183493656230e-02
-7.980435860276791082e-02
-5.663936676597969289e-02
-3.193679295979312549e-02
-5.197225244615411022e-02
-1.383489527808201558e-03
2.822970556895132432e-02
3.545767406798394639e-02
-1.232942999039841059e-01
-9.845225380070821153e-02
-3.788631834791855724e-02
3.055828176037933552e-02
-1.400200738461070404e-01
-1.059589911719256428e-01
-6.530162987373855366e-02
-1.726531001301045976e-03
-1.417584608014941239e-01
-9.689736412124339004e-02
-2.587784260556325044e-02
1.977928478913426602e-05
-7.566564690470900523e-02
-1.134616533438670416e-02
-1.188005953755677524e-03
9.096407086639501927e-04
