-1.432605141323753628e+01
4.552182135916481798e+00
4.783881194322248120e+00
6.976053128738939790e+00
3.877586651489508540e+00
-5.153461143463644589e+00
2.482613890819038716e+00
-2.353902548134982453e+00
5.684510903749639965e-01
-2.759093496458717709e-01
3.039280365978385134e-01
-9.909662466364608235e-01
-3.147222577530470744e-01
2.768948096084443478e+00
-2.390623492660921556e+00
-6.160373050716714260e-01
8.420351386876490096e-01
-1.946810059970687234e-01
-2.875360637610526737e+00
6.218192952199288470e+00
-2.368110189404191601e+00
1.612089075033566132e+00
1.659374169762756424e+00
-4.197347178059828821e+00
-2.100806321988201830e+00
-1.846498191237415654e+00
8.319313024819180669e+00
1.657432467806714271e+00
-4.498208050741624220e+00
-1.602335088689045506e+00
-2.751795879733393235e+00
-2.583544737507253330e+00
-1.734564621717623822e+00
5.556143186609801887e+00
5.397680667260829068e-02
7.745149307047398679e-01
-8.906113280933894316e+00
1.526990648407206663e+00
5.457118287022296954e+00
-1.113824840156809159e+00
3.999041674921102185e+00
-1.220556058820122303e+00
-5.392843253692191752e+00
3.461054160729688078e+00
7.869426937372125508e+00
-9.781397474842918882e-01
-4.081868083459880836e+00
-1.390850659440459935e+00
-1.015835830884439872e+01
4.459062099142499846e+00
1.298135874965197445e+00
2.309953336930121282e+00
2.920191112477951378e+00
-1.166163388550572222e+00
-1.063235950373871219e+01
4.297539048246491689e+00
9.037540394216051709e+00
-1.649179350678764422e-01
4.771268068078782676e+00
-7.207296058258123139e+00
-1.268590866955042884e+01
-6.032108920646209071e+00
6.943578274185540522e+00
3.866057368915164716e+00
2.809301586961652220e+00
4.339427615756520140e+00
-1.220408334651664006e+01
5.738772515040167832e+00
3.746662839246113208e+00
1.924228143344947739e+00
4.574912970559694259e+00
-3.404423504346141272e+00
-2.332481692244897431e+00
3.637285782978551651e+00
1.611231262407315512e+00
-1.608380182764818755e+00
-1.667501009807097034e+00
-1.249997991958196053e-01
-7.675123076439859915e+00
1.118555513314521477e+01
-6.154152912631474237e+00
8.435288710477692575e+00
-2.216353727452798239e+00
-5.766416276194391344e+00
-9.882242686110231489e+00
7.494286322165521597e+00
-5.375346465761879244e+00
5.021744468720072518e+00
5.955824392265455458e+00
-2.978098816386733461e+00
-1.312093788210310663e+01
-1.829862658266620201e+00
-2.334650506307667683e+00
5.684032004796193860e+00
7.372162836580173462e+00
1.438922512800886011e+00
-4.709417763829719661e-01
-1.197625242678569180e+00
6.929785043129044197e-01
-4.481021218551305196e+00
5.452081000418971257e+00
-5.962404339353497562e-01
-9.386946301220518762e+00
4.459687554979566926e+00
2.911384550912416103e+00
2.347543432820174303e+00
3.103017044355539156e+00
-3.447187192930044830e+00
-5.757051330759111352e+00
-5.426330833756267680e+00
1.746807908421445177e+00
-1.709313575112233252e+01
1.652512780271297288e+01
6.603674117078497829e+00
-7.212741698578739147e+00
2.797739692494857877e+00
-4.906334644501271214e-01
4.838743518558544565e+00
5.541949263615677523e+00
-5.191015206366401458e+00
-4.054946276639313396e+00
-1.738222913728392882e+00
-2.824363339949158558e+00
2.175052371474194501e+00
5.584549660523862258e+00
-3.571821211684778063e-02
-6.453922127932159469e+00
3.817826514381707170e+00
7.568299741401446568e+00
-1.145760228165400463e+00
5.152057909565868954e+00
-9.157300152228501133e+00
-1.184195816007527924e+01
7.172976935451629288e+00
6.229118296207900585e-01
4.332702433033261968e+00
-2.992139823638567009e+00
2.124745524777381434e+00
-5.466748754073904593e+00
-6.697082065859618183e+00
-6.323967077183240804e+00
4.530443666104247313e+00
6.140607390878273009e+00
4.496909222337038159e+00
-7.312225393389070405e+00
3.655716204535707448e+00
3.522715148891705894e+00
-8.797017908017039645e-01
3.463264563442294275e-01
4.991393420278882331e-01
-2.944350885615477864e+00
2.319867723563376671e+00
-2.199946699100649994e-01
-1.969874652737742338e+01
1.634357535753481727e+01
2.908266001399113065e+00
2.060260820499877354e+00
-5.027728446454460709e+00
7.802649127376412252e+00
5.322837512172597485e+00
-1.429412101962840609e+01
4.749118372262699950e+00
-1.508802278661164564e+00
4.491152242069631484e-01
-1.171596557188266274e+00
-1.722994906936250459e+00
3.255904028867917077e+00
5.677341588430380170e-01
