-9.538572888680647566e-01
4.224128957294510656e-01
-4.855300181902308054e+00
1.453360676917952787e+00
1.999758035949739110e+00
1.688733021524399192e+00
1.552527544046128583e+00
-5.431803413163819982e+00
1.134893701028985902e+00
-1.662532252965036150e+00
2.781972287679636224e+00
1.186683603741656157e+00
3.197760828772828745e+00
6.284763667613901816e-02
-2.221648630600284946e+00
2.112079714177625078e+00
-4.877808737731839983e+00
1.644697917950637134e+00
-5.543693641639180214e-01
9.863178229782704420e+00
-3.410871696517560281e+00
-3.933824435022145849e+00
3.532840752043455268e+00
-5.649640913915760621e+00
8.161907772641114889e+00
-3.356357358341682584e+00
-8.495094252692751979e-01
-4.426461164626601885e+00
2.813257370507145083e+00
-3.902948102377180817e+00
-3.102006918526669210e+00
-5.770359063058961624e+00
4.007300049105367634e+00
4.254798470226518248e+00
-1.842823950697578539e+00
2.196464203285927397e+00
-4.113317402992166194e+00
-4.217809036087189156e+00
4.758055062877872388e+00
4.942773420453903555e+00
2.583405496718640393e+00
-3.747421775362752783e+00
9.686602344033161671e-01
-4.047621552523196442e+00
-7.435792155618798915e-01
4.686426593865618884e+00
-1.362489300972214323e+00
2.101809604003506138e-01
2.058167965000023969e-01
4.753130538541668670e+00
-6.669320059953989244e+00
2.715984370543893078e+00
-9.879193035739319839e-01
-2.043721846048924817e-01
-8.911158784948895573e+00
7.145893615091850393e+00
1.160414772079292334e+00
4.940577461073317522e+00
7.409938962300799403e-01
-5.101612030862227698e+00
1.493318797072845427e+00
1.331628186719385099e+00
-1.592775588886479454e+01
1.234201320018078718e+01
-7.630332615919840578e+00
3.381861560923610455e+00
-1.368061476317691927e+00
-6.831472138495655599e-01
5.244836041404980165e+00
4.257093653646393250e-02
1.217600044626806266e+00
-4.395249506678098328e+00
2.885816135282766481e+00
-2.078454343301203266e+00
-1.613457064395065288e+01
5.289824919395201164e+00
5.390968086932531378e+00
2.223735116479815588e+00
-3.472757140240233298e+00
6.283015976308945483e-01
-3.827925503533435858e+00
7.426363486031817729e+00
-3.840542559025735159e+00
2.057340386584556313e+00
-6.148099073972659312e+00
-1.098477652583895292e+00
1.576996272728138138e+00
2.807417407492152961e+00
4.682763922806771006e+00
-2.205489075417602862e+00
4.344043095516809672e-01
6.548877374622463776e+00
-9.993894030700332110e+00
-2.691203393710793534e+00
8.578631717256172351e+00
-2.474013982774707188e+00
1.013180517006418313e+00
-7.327470995841082413e+00
4.998199988737681565e+00
-2.646854782911006509e+00
5.244217091832368283e+00
-3.205545548703881309e+00
-4.621134925804526006e+00
-4.191700376025153219e+00
3.903296811480203132e+00
3.822819562025088658e+00
-1.133223438190853471e+00
1.883306181069713148e+00
2.204277344003074290e+00
-1.921054589205652974e+00
-4.472617075432452793e+00
4.954528687458605418e+00
4.259183491859261039e+00
-6.078171506164665061e+00
3.479656941691757766e-01
-2.141250079006056239e+00
-4.635289435782652845e+00
4.292870757929165393e+00
2.733647497142939642e+00
-1.189943864287457131e+00
-1.031734849005474075e+00
-3.201857799967257279e+00
5.857733366380557527e-01
3.322249275473183161e+00
2.168704167243447500e+00
-2.149818044373773773e+00
-6.326946083725957237e+00
3.430930859367279595e+00
2.463340485850054051e+00
1.325872310188771053e+00
3.206091973567438913e+00
-3.914435839505159720e+00
-1.508971450738997078e+00
1.305318328860850841e+01
-9.252402787255064709e+00
-7.893150891497000998e+00
4.810496759042365511e+00
1.229717003039752399e+00
-4.237500939458229254e+00
-2.889597482992201094e-01
6.815889486296953237e-01
6.111299450461217475e+00
1.068851601244801941e+00
-3.515396232233399587e+00
-1.927972625101801896e+00
-7.209753908137216172e+00
5.383524303438022685e+00
1.001150727570234267e+00
-2.487876379927627113e-01
2.602471837338342198e+00
-3.647769176248885969e+00
-7.083242307344832511e+00
5.945965056970308638e+00
4.979669678054776227e+00
2.121419184276575720e+00
-2.160276594962581953e+00
