-1.759937297539837520e-01
-4.165819186416985787e-02
-2.523829608036876060e-02
-9.991545052262962301e-03
-1.186621011477098087e-01
-6.500623847201181249e-02
-5.730665574168658516e-02
-4.393700521842403006e-03
-8.480381123707503299e-02
-5.189705766265184650e-02
-3.378183872820650357e-02
4.521787354891260158e-02
-1.119736605671501906e-01
-9.293938429711312565e-02
-3.088333995841585633e-02
-2.294008531011471064e-02
-2.819274681969119456e-02
-8.666805109138753238e-03
-5.516181077109827413e-04
3.154907915276594643e-02
-1.308601953312538146e-01
-1.201931387546384400e-02
2.314364456190998176e-02
2.537515116131427995e-02
-1.581548256135250075e-01
-9.432272513059203334e-02
5.543990072829574345e-03
3.150303564182510563e-02
-8.608468826177362310e-02
-4.794946952089351733e-02
-4.003939317666360687e-02
2.739004267038502860e-02
-4.813235649281244477e-02
-4.099296267080698719e-02
-4.923527768214319700e-02
5.238463843279705934e-02
-5.942173886473045563e-02
-4.780152032008344598e-02
-1.814800324834209277e-02
2.501574491561897595e-02
-1.291794179019705169e-01
-1.198586065167961401e-01
-5.374446187808246123e-02
-1.306781686619173932e-02
-6.065584965533843409e-02
1.581158050297526430e-02
2.267965307709252087e-02
3.893257087989820953e-02
-1.492507992529765737e-01
-1.089241519426471516e-01
-3.512065039494971508e-02
3.241158557084555802e-02
-9.580797327927426110e-02
-6.531882956662626860e-02
-5.577549627837474766e-02
-3.479244007730875055e-02
-1.669367191903676773e-01
1.042062897991113957e-02
2.284257464856387365e-02
9.045105761466154526e-02
-9.883298427831932464e-02
-9.793473521302553664e-02
-3.658239467962731695e-02
-1.867082689658627892e-02
-1.941277440841315816e-02
9.667633971656375280e-03
1.217913307725804195e-02
4.184714225724994741e-02
-1.440695990967406637e-01
-1.156595576618513199e-02
-7.347102238193459200e-03
6.461698245861113854e-02
-1.378525347541383894e-01
-1.227625956162758936e-01
-7.032458779905237378e-02
-2.493891471237463797e-02
-1.729825829562374739e-01
-3.341462354114654865e-02
-1.495411613713026888e-02
1.584034575640824727e-03
-9.779120077578884462e-02
-4.134828550875324638e-02
-4.097712797868013901e-02
3.061940690045172886e-03
-8.725423975348300942e-02
4.558775108955526179e-03
5.148388291609218292e-02
5.444955874636225879e-02
-1.100991116453342578e-01
-9.841800981495807399e-02
-4.822162775399352341e-02
-2.570017748409991754e-02
-1.183886263484110746e-01
-6.651505172769089924e-02
-3.365034876629624527e-02
-2.690812814588383617e-03
-1.243621970962389689e-01
-3.445015074496593499e-02
-2.050393963363816852e-03
3.032198686037079760e-02
-1.361236061832540312e-01
-8.367214386268839732e-02
-9.868882442517712406e-03
1.493045301212747589e-03
