-8.947925642072807051e-02
-2.535821944329086364e-02
-1.965874155819791191e-02
-9.842576180080220283e-03
-1.549236498247072991e-01
-1.420993207349474652e-02
-6.969594790906974424e-03
4.161647891654762788e-02
-1.655047848677264621e-01
-1.140231622733560712e-01
-9.783863292576588933e-02
8.594249291125422019e-02
-1.064167745773325624e-01
-6.686566573864305418e-02
-1.096105907344901986e-02
4.974818678399994809e-02
-2.580383245268258463e-02
-9.192946795478773581e-03
-5.320988913971147483e-03
1.986138845537688269e-02
-1.269706094157705412e-01
-3.230797274122299001e-02
-2.599318916734616458e-02
3.228583295067721792e-02
-1.610100710940516322e-01
-6.508100341277245349e-02
-4.942298606877848499e-02
-5.290402401172222824e-02
-1.009384186904793701e-01
-4.288945075843253463e-02
-3.746442462742138879e-02
-6.197269622692624935e-03
-1.344223655110139415e-01
-5.462611026158725736e-02
-5.137932623813057376e-02
2.706543919546722243e-02
-6.383055432750528446e-02
-3.454338165982040465e-02
-2.397260785946064843e-02
-1.885983308929173319e-02
-6.043577434574953777e-02
-5.965301190134897347e-02
1.425613847853601790e-02
3.231431358299152734e-02
-1.205383672069924028e-01
-5.356089064750424455e-02
-4.429967361532582970e-02
3.105892853393488195e-02
-8.704292926931866958e-02
-4.058585390869540177e-02
-3.917940794707508445e-02
4.390027234027460423e-02
-9.282232364846842998e-02
-5.384460166988480623e-02
1.395656810275291981e-02
1.371334400111767771e-02
-8.109268570497429884e-02
-4.505463989341484954e-02
-1.079583704407438560e-02
-7.924996604501854947e-03
-9.432801555044667552e-02
-5.070534529581349759e-02
-7.196586846772934365e-03
1.066584535398829026e-02
-5.776633899173422293e-02
-2.166256573238278804e-02
-2.106473835635891412e-02
2.232412623600410484e-03
-5.323401154099971500e-02
-6.536579993669855426e-02
-1.864371834757472257e-02
1.341352170110554631e-02
-1.058147907003845756e-01
-1.327964522436264616e-02
-7.199977876841678892e-04
2.247976378956462185e-03
-1.578602984788874952e-01
-9.025619914324223281e-02
-5.870094630470790165e-02
4.958122172150192242e-02
-9.216084951140834924e-02
-6.478452265968592805e-02
2.268933735262312901e-02
1.881533007927815859e-02
-6.796366716963375687e-02
-4.059469261656412087e-02
-3.911587544026540186e-03
2.173324768850082300e-02
-4.976996129244737332e-02
-1.396262305796280856e-02
-6.815187718833382036e-03
6.268498811820055749e-02
-2.096265714180649553e-01
-2.281357514436277434e-02
4.317148990224195515e-02
4.718103602922107953e-02
-5.556215382070384123e-02
-1.097138387448559627e-02
1.070467296581067984e-02
6.746161643470705016e-02
-1.843958550078110825e-01
-5.267666838939111251e-02
-5.114989522245227960e-02
7.886469299966947233e-05
-8.616561590434801410e-02
-6.968854902248056149e-02
-6.753074943595316348e-02
-5.250269826376707805e-02
