-7.329748151872081507e+00
4.143550008242158356e-01
3.947966617229894837e+00
3.399166859966413767e+00
1.754486114206073921e+00
-2.237695881884093296e+00
-2.695464996616664166e+00
-6.422289333370287068e+00
5.801211630321390089e+00
1.804469267303531410e+00
-1.214215669068707371e+00
2.454806070819344654e+00
-2.868837112814460966e+00
-8.901780629039805603e+00
4.416542211262836304e+00
-1.576657404262590489e+00
1.544452086357281928e+00
7.034882511226854263e+00
-7.736375007280827276e+00
3.000062022671031059e+00
5.044831338440644686e+00
2.116653427986449287e+00
1.514235152429705522e+00
-3.700275933062400213e+00
-6.970620119126238023e+00
-1.588347120248087663e+00
-1.828936429780185335e+00
5.157669256543329084e-02
3.935943041381420926e+00
5.006582590727461479e+00
-2.567616596335668078e+00
-2.974769931149808144e+00
7.885162452267650224e+00
-3.202753220869169581e+00
7.730901340671323396e-01
-3.411561655447599151e-01
-3.611644106256591158e+00
-4.864139365685915095e+00
2.434375159940827871e+00
6.150703576944522410e+00
-4.026393526708588411e+00
3.943023294569428572e+00
9.411093688465427931e+00
7.002813720356726890e+00
-1.300225101610175216e+01
-1.038727817188296854e+01
4.753849124508874979e+00
3.134839809350609130e+00
2.424636383728454803e+00
-8.231686657152863518e-01
-8.266701830487647840e+00
3.042905323523314109e+00
6.140787371890894519e-01
2.161692134555494249e+00
3.758440427792933747e+00
2.518403618048040471e+00
1.084054734332212888e+00
-6.793569907760456772e+00
-1.712361947490677494e+00
1.176285966868704236e+00
-1.069028680322443847e+01
3.860897604153436191e+00
5.895358631082970646e+00
2.186388657839941629e+00
1.900856880906658830e+00
-3.416457384843880618e+00
4.208043966501264777e-01
1.461224684464980328e+00
-2.859220268322317793e+00
-1.424177167143838574e+00
1.625690909933055650e+00
7.615494256447448151e-01
-3.020461205085226197e+00
-9.520803106272666128e-01
3.269606116263290119e+00
5.509649648595214444e+00
-1.244287778398103228e-01
-4.543617718700033947e+00
-5.578304997955513045e+00
3.538149902594128093e+00
2.775859364954413877e+00
1.197574180087229934e+00
-3.386228122955827757e-01
-1.588761482491676702e+00
5.508668728626773259e+00
-1.755730379240436889e+01
3.103572387464041071e+00
5.691736506354317271e+00
-2.038391780302504230e+00
4.495237460362616844e+00
1.533604281980217365e+00
2.234393571345933083e+00
-3.770874688701880473e+00
-1.921863739971911400e+00
7.215014386802209856e-01
1.250256041391921258e+00
2.803340697971279383e+00
2.812544209294358666e+00
4.336132220770565482e-01
-7.762371251182003107e-01
-7.399552197588263880e-01
-4.554466693671045618e+00
-7.680275787022310396e-01
-2.386081206479502725e+00
2.231772914874596836e-01
3.895357681540403405e+00
9.511399578503443308e-01
-1.804499822394475927e+00
-3.024336142122777460e+00
-2.467985187841918560e+00
9.655635371656970278e+00
1.560316977404013983e+00
-2.963375912691191161e+00
-2.565381080682030301e+00
-5.731487452181369235e+00
-7.568257510976962976e+00
5.055996464441832927e+00
8.655018891842019002e+00
1.205313768490199777e+00
-1.456631352166724014e+00
-8.829606304899272118e+00
1.711793582810443581e+00
8.059685296195056026e-01
7.854957416469616760e+00
5.050953737158181411e+00
-6.417451874436551407e+00
-2.844214731083724246e+00
-2.198801194574883766e+00
4.300210725337507256e+00
-3.556711830209778213e+00
1.463518547011375404e+00
2.176709122518374784e+00
-5.184029643330916315e-01
-2.901845287343718383e-01
2.507757777491690376e+00
5.097506496629762296e+00
8.261076347510254436e-01
-7.601953003070235582e+00
-4.016968853736671008e-01
-1.309572375196964344e+01
3.422455228898698465e+00
-4.040334216631435993e-01
3.852494383371208642e+00
4.864597980479274497e+00
-5.621338038001965742e+00
-9.049419977826971717e+00
-1.201759415325679470e+01
8.557532260923196077e+00
8.778917576606886541e+00
2.708688952377826809e+00
-2.263842435070884562e+00
-7.720540123283598177e+00
3.225390345616673926e+00
7.847277550629897291e+00
-6.315918092866624534e+00
5.450027538822524775e+00
-9.154097260506986800e+00
7.809421315125007368e+00
1.217138243115547880e+01
8.748209866414171643e+00
-1.457849649958673410e+01
-6.579745177072453544e+00
