-4.402913039033040654e-02
-4.061264423098509546e-02
7.007216965949192300e-03
1.740403439574067512e-02
-9.145576997157123245e-03
3.545617168019266074e-03
1.934814418148000925e-02
5.767883387251315774e-02
-9.173175109392861515e-02
-9.173155139268462932e-02
2.529057118411004446e-02
8.057523103416497356e-02
-4.402684618805419170e-02
-4.061407934618088689e-02
7.006269277681331786e-03
1.740331559653207627e-02
-9.145753084641494723e-03
3.545788218956902327e-03
1.934723659790504868e-02
5.767584504034650728e-02
-9.437573383177255693e-02
-3.436718406017780225e-03
2.658484023641216609e-03
2.924212048434737810e-03
-5.976657703033350089e-02
-5.976645683018655397e-02
-1.470930972021200489e-02
3.933465767983479466e-02
-5.326682108134916938e-02
-5.326656379793726082e-02
-4.061094078603688651e-02
1.195264933066808588e-02
-9.437665323052768507e-02
-3.436902741248415438e-03
2.658099428906712802e-03
2.924709405278225205e-03
-8.271163401623748967e-02
-5.896549205734258337e-02
1.226104334744748670e-02
1.120710133939795128e-02
-1.759143989696854149e-02
2.237320467287418069e-03
2.237929771698121684e-03
1.569051594981707431e-02
-7.902590593900304938e-02
-2.913477985959178618e-02
-2.913438792360478757e-02
-2.331830532604106665e-02
-3.232420761122667408e-02
-2.082945636617106189e-02
-1.742490464321200250e-02
-6.615827616918146248e-04
-8.271209160361814305e-02
-5.896533581172991312e-02
1.226051906617575682e-02
1.120715418009310405e-02
-1.466623484113460663e-02
-2.341571966388844572e-02
1.521671599629259575e-02
2.213151487998032962e-02
-3.233912744645794923e-02
-3.009473282673136296e-02
-1.292559194117215426e-02
8.301039596920078978e-03
-3.024999383378434992e-02
-1.271005691395354908e-02
5.627045232652561069e-03
5.627461652595533437e-03
-8.328028829575750969e-02
-5.684985327199365557e-02
-5.684984612689580885e-02
3.433288503844855732e-02
-1.466620640858273816e-02
-2.341545481159013065e-02
1.521671007560709832e-02
2.213163137820473025e-02
-3.233962981330407160e-02
-3.009523130704305771e-02
-1.292650764838798594e-02
8.300962829640656793e-03
-3.232527532894935440e-02
-2.082904933309648321e-02
-1.742533240912491621e-02
-6.609150952043840732e-04
-8.451368329243957866e-02
-6.567838821600679999e-02
-6.567830764938631383e-02
4.070070760202293414e-02
-4.106420893717155352e-02
-4.482468332077305107e-02
6.084013133655474803e-03
1.779219145585608786e-02
-4.860296908021766171e-02
-2.007632303643980265e-02
-1.403548586710723356e-02
4.613092616290837000e-03
-8.469883863134897162e-02
-2.833574323441312437e-02
-1.449751220121697770e-03
6.660889968945093997e-03
-8.854839143754200670e-02
-4.936073218757641712e-02
-5.119628510540596977e-03
5.356651247126298365e-02
9.490710749640030031e-04
1.137471703413162061e-03
1.137949663233106534e-03
1.208753007791130152e-02
-6.808820058005671250e-02
-2.843649279581872413e-02
-2.843612753816682215e-02
-2.291481846277187984e-02
-8.469899093723443073e-02
-2.833648080242912037e-02
-1.450202609948547661e-03
6.660618360575742969e-03
-8.854796613578663766e-02
-4.936066003454953055e-02
-5.119241116631201294e-03
5.356701168267696822e-02
-4.106311662503259186e-02
-4.482525222640743046e-02
6.083191665134046744e-03
1.779275797223944799e-02
-4.860295943668391239e-02
-2.007618019560108991e-02
-1.403528242546303595e-02
4.613397934005503132e-03
