-1.273310292102064523e+01
4.323242484035290545e+00
4.210754945402285898e+00
3.238073498657399796e+00
2.414966181894968145e+00
-1.928894775761165192e+00
8.631304137049824021e+00
3.072946114401247542e+00
-6.312042527709593287e+00
6.900631179901381529e+00
-7.299425484943043330e+00
-1.039230616193242440e+01
-1.125586492153227880e+01
5.595704980180101984e+00
2.849233284681901068e+00
5.595878440999186409e+00
2.849339542731513575e+00
-5.020470385905994704e+00
-1.273317601969824864e+01
4.323355674435930496e+00
4.210786533923197794e+00
3.238157215438633330e+00
2.414882314130068153e+00
-1.928966186050075748e+00
8.630869688628536096e+00
3.072976794174138604e+00
-6.311690626704333340e+00
6.900684846040348930e+00
-7.299244018084834806e+00
-1.039223213629310294e+01
-3.155768323536449316e+00
-2.935432127041423200e+00
6.780841452287603488e+00
1.695294735691689425e+00
2.961737488350465242e+00
-5.389841481129764134e+00
4.508927587126734693e+00
-7.785462035227922684e+00
1.162399551590610258e+00
-7.785906530794036939e+00
1.162277925626753472e+00
8.010930272143724551e+00
-1.775137970882596505e+00
-1.934004608011505866e+00
2.663606315128404844e+00
-1.934191425817047616e+00
2.663734893945999715e+00
-6.891293580335400293e-02
-3.155879864839292281e+00
-2.935363231913115101e+00
6.780936269354810975e+00
1.695371582397399379e+00
2.961693697486964538e+00
-5.389909204160034051e+00
-6.174004254435473626e+00
2.575128678019481754e+00
3.006420469881007307e+00
1.904304907903068056e+00
9.330890560344187179e-01
-2.095893668332863058e+00
-5.873393996006228690e-01
-5.872107530818482246e-01
-4.131284209314571854e-01
-3.477242109036922102e-01
9.190258096809316157e-01
9.189130184711160609e-01
-2.920493821990817196e-01
-2.920843066167009283e-01
-6.349610175275429924e+00
3.715106288070245455e+00
1.195310902110492179e+00
1.195158988968856306e+00
2.050089902722021407e+00
4.202400421406920827e+00
-8.630631369171624101e+00
2.011458576267955323e+00
-2.013967787065084281e+00
2.155427730948133558e+00
-6.174142758620419613e+00
2.575189805848125957e+00
3.006418626100582969e+00
1.904411042309945401e+00
9.332279389128075309e-01
-2.096047532471800423e+00
-7.861898095889472415e-01
1.497764584546160904e+00
-2.586513211909107213e-01
-1.754402694249051819e+00
-1.091474426058155700e+00
2.135022229985139575e+00
-2.001294685031609788e+00
-1.456371832712434866e+00
1.140973989017112444e+00
1.558543767007236625e+00
1.130586131134776906e+00
-3.611436185294394363e-01
3.238434219836591410e+00
7.431280510509310488e-01
7.431135122939309667e-01
-2.632034577910644657e+00
-2.631914037345609358e+00
6.579486674752530462e-01
-8.744486658032911919e+00
-8.744244772825894074e+00
1.156793103503638065e+01
5.453791776694018267e+00
4.141010688042285892e-01
4.138985280601019667e-01
-7.861129463960736530e-01
1.497717551536410951e+00
-2.587418219858506063e-01
-1.754290380802302707e+00
-1.091659071947702841e+00
2.135153412245102800e+00
-2.001289315107939615e+00
-1.456294150198118587e+00
1.140854850489120054e+00
1.558590037158580799e+00
1.130584309519448993e+00
-3.611497293835270739e-01
2.050070020186424813e+00
4.202404139899158508e+00
-8.630745038804164437e+00
2.011576416490740371e+00
-2.013965367595602629e+00
2.155418563874093252e+00
-5.984450612853024154e+00
-5.984375376802475444e+00
2.552642737234705805e+00
4.899785087867599032e+00
2.150293643555016843e+00
2.150103585983956123e+00
-1.220265065376537450e+01
4.149971494337052036e+00
3.886697293296350608e+00
2.903358331814487769e+00
2.118452789231298539e+00
-1.401427747406984281e+00
-6.156566193598251857e-01
-3.018258033897666337e+00
2.032882029322877315e+00
5.576592911603341918e-01
1.568575820018082823e+00
-7.754496662555538933e-01
-3.612993725459475058e+00
-4.429981856507680504e+00
8.048819860960847450e+00
1.175319041836118572e+00
2.929286849150159355e+00
-4.322862403262405451e+00
-7.587140239746915427e+00
5.698926357884388949e+00
3.145720128555296924e+00
1.142250958086336254e+00
6.267377613040423512e-01
-2.842501696152496038e+00
8.495144062988657652e-01
8.494423284918752870e-01
-5.327730127950900396e-01
6.449670514733867321e-01
-9.871675169978431086e-01
-9.873108780206649726e-01
-1.477957318673702503e+00
-1.477951934234170039e+00
1.655088906675416638e+00
2.463251204149813134e+00
-5.988441744290469160e-01
-5.985988931433467997e-01
-3.612932151881437903e+00
-4.429974187497890625e+00
8.048763002633293695e+00
1.175230129518496369e+00
2.928968506328331500e+00
-4.322456299121611778e+00
-7.586937270630755847e+00
5.698678180598989229e+00
3.145713237397870898e+00
1.142273426282585547e+00
6.267027000623102140e-01
-2.842439900664842867e+00
-1.220273419054286990e+01
4.150172298612872623e+00
3.886587651643267805e+00
2.903473795016140002e+00
2.118348309618966141e+00
-1.401453245525189573e+00
-6.156706513477132603e-01
-3.018284749934991851e+00
2.032898181850882224e+00
5.575661038945298742e-01
1.568692223713483713e+00
-7.754622773619104237e-01
