-3.312217451188481654e-02
-8.192332460398743521e-03
6.965598469269806969e-03
1.654773469171799682e-02
-9.895432130916481661e-02
-8.192551435458339526e-02
1.117929880055523739e-02
3.339244653771333837e-02
-6.780416692047275262e-02
-5.567150690124922363e-03
-5.415353471289074960e-03
2.099455546890993674e-02
-7.177902411476710931e-02
-2.750080492890893957e-02
-5.307233737970484810e-03
9.329054271444592317e-03
-3.224537871505561704e-02
-2.780183245117751056e-02
-1.043704633711839413e-02
5.388235870185553722e-03
-9.260367089554955022e-02
8.610427159812861220e-03
1.614936268267874730e-02
1.858006673593326497e-02
-5.571211792548069752e-02
-9.213812716093006117e-03
-5.882046572507571014e-03
1.675848957136594208e-02
-6.468520118899179216e-02
-3.107462913745506761e-02
6.285461319641028055e-03
1.262587777727386396e-02
-3.249023291049901729e-02
-2.729326655946961999e-02
-1.001007691398747568e-02
5.284805912019407970e-03
-7.888439992097184827e-02
-2.269235687029702575e-02
2.510310760061851276e-02
2.785631367944141346e-02
-2.340559017978671719e-02
-2.137252101007436345e-02
-1.341174293551428143e-02
6.757312133387483044e-04
-8.234587053685538116e-02
-2.573540418241049288e-02
2.599552910209346201e-02
3.004217812727549841e-02
-8.773980817013438127e-02
-5.140087360664913341e-02
-1.377218906296384660e-02
3.026991295035097451e-02
-5.707904360438043057e-02
-1.202049605873423133e-02
-5.526738015901866419e-03
1.759279678260838864e-02
-1.444875384442978472e-02
-1.998322963411758302e-02
1.988269300099787529e-02
2.610750343398349216e-02
-5.459005707792408124e-02
-2.256558355269699945e-02
1.631982052037184161e-02
1.659794203567455106e-02
-6.965477755841953389e-02
-6.521118821468618876e-02
3.429331269909186020e-03
4.391254534789812425e-02
-8.020229113291543754e-02
-2.682018815270192924e-02
-5.758139508407422724e-03
-7.995848244117143011e-03
-7.056463818822189538e-03
-1.445295187226647293e-02
7.283104711255816710e-03
9.927435810451967768e-03
-1.246945411141768822e-01
6.056195999390778795e-03
1.224634540277724781e-02
5.078673621838003527e-02
-7.719999739732563704e-02
-4.034429342477308111e-02
-5.516282253163362626e-03
-5.542038625099054983e-03
-7.352056753722324700e-02
-4.201035239349271144e-02
-1.335100719390802659e-02
5.379804764371387549e-03
-3.815621311464267862e-02
-4.286574687902811043e-02
-8.514762268357456421e-03
7.891585247175481044e-03
-2.369694904075902997e-02
-1.005561589779868648e-02
-1.677886257201977038e-02
3.393253151173514226e-02
-6.489800371944931534e-02
-5.433151189048324170e-02
-1.963331154819503155e-03
1.222133327135543901e-02
-5.301777939389284988e-02
-3.567291370533465233e-02
-7.221193296031769293e-03
3.070136245001098274e-02
-7.980357846282726264e-02
-7.356647809680039174e-03
-4.128228604791672751e-04
3.446322630402876008e-02
-1.056893707571213703e-01
-4.144534259829302236e-02
-2.923132635764091880e-02
3.957266263236292048e-02
