-1.963668810983747903e+00
2.876172451554182885e+00
2.578664158157067732e+00
-1.880973386109559442e+00
-4.040410640267566578e+00
1.611899550634959155e+00
2.831502519419629493e+00
-1.126727562125424242e+00
1.968353355064380139e+00
-1.859754795332321464e+00
1.035527864299240264e+00
-3.094646169373262978e+00
4.332781829240076377e+00
4.305999556803229211e+00
-5.010899938386160102e+00
2.735268729060464921e-01
-2.147637182880501427e+00
-2.894804423258761972e+00
3.380414985534002881e+00
-4.202769105999820454e+00
3.529160240913881808e+00
1.989745431645630447e+00
-4.929753491555658229e+00
3.128335266974175966e-01
-1.547313650431433985e+00
2.130739913644177363e+00
1.947155112091593310e+00
-3.266585155021601850e-01
-3.250856310944570282e+00
6.063113939202935398e-01
4.078177021607601205e+00
-1.095806362199553519e+00
2.695776218898714660e+00
-4.089238349370106107e+00
-1.366602104711404309e+00
-2.228320553680731564e-01
-4.199159226521942401e-02
3.620497745311368476e+00
-2.429731982801229151e+00
2.209238153885635825e+00
-4.571737807475372506e+00
8.951092623988898822e-01
-8.157376497296695561e-01
3.737188335722549937e-01
2.004628269835308174e+00
1.082889986145005423e+00
-3.859826691167711488e-01
-2.277945700880380286e+00
-5.797136285766271158e-01
1.431716666657180781e+00
1.759795239042489357e+00
-8.855895313873531904e-01
-2.884070465182475118e+00
8.103161402716239081e-01
6.388356565967825418e+00
-7.593157441435067767e-01
-4.895054397295979243e-01
-1.069652068136051071e+00
-2.447211021772957906e+00
-1.636059543563177954e+00
2.255477286724044461e+00
-1.761368390572911835e+00
6.306536011414891618e-01
-2.001845996415980267e+00
1.565764204867733156e+00
-1.074093511383466648e+00
1.051025792782894541e+00
2.869899895578882365e+00
-1.415333768169276141e+00
-1.583576934435342309e-01
-1.245997297667500447e+00
-1.080236876047692363e+00
2.033741222211432387e+00
-4.686870374705108588e+00
8.399043183655550138e-01
2.192337310012732132e+00
2.783602297650134005e-01
-7.356116329373350027e-01
4.769416705563315872e+00
-3.466295972301466577e+00
2.597963122892451793e+00
-4.801311483477093134e-01
-2.005671223022460481e+00
-1.922118332586393308e+00
9.899522679105956513e-01
4.640772251238445278e-02
1.463683397227072192e+00
-1.014792753685100024e+00
-1.336181227621878520e+00
-2.528934042748858246e-01
-2.079590989886099806e-01
3.662653514364507146e+00
-1.487204570073913601e+00
3.502281176020858311e-01
-1.899407000899486775e+00
-4.674158283671232539e-01
4.315060345596748448e-01
2.169030435152322411e+00
-4.018066305457296039e+00
2.646445212208348607e+00
9.736782756638717728e-01
-2.296994050538728516e+00
-1.910830899998501309e-01
1.988255528239051273e+00
3.065723453161865564e+00
-2.159283787410686273e-01
6.914368326459197078e-01
-5.525280782473885210e+00
-1.583838705567742977e+00
9.326507726714936553e-01
2.341459297156305297e+00
-1.051475085096470252e+00
-1.913607570021596871e+00
9.208723930444477901e-01
-1.613078735509176909e+00
3.611526464360537148e+00
8.386744772211756072e-01
1.139946808287973568e+00
-4.509000872629940204e-01
-3.425188906280652645e+00
8.141993374317451071e-01
-1.074215787526838994e+00
-1.015797328206204497e+00
3.163254299507670453e+00
-2.346723601444139717e+00
2.405972763896926381e-01
2.671064565362399890e-01
-2.191586690003276772e+00
3.442143467590980777e+00
1.900591470973694186e+00
-2.556060710146098813e+00
-8.570601388706364787e-01
-2.421992475858829152e+00
2.644617965525554837e+00
2.000465885604029381e+00
-1.097662961037727314e+00
-9.453355369186482449e-01
-5.157798068416923343e-01
2.091832215601115763e+00
2.645452589351918959e+00
-1.660941742556332201e+00
1.142278284271355915e+00
-3.151985677333911440e+00
-1.180581982972597643e+00
5.435622057901952076e-01
2.648500373123610530e+00
1.905992516740113274e+00
-2.853606761067965181e+00
3.160907877218207318e+00
-5.928281471134482672e+00
-9.164217677412693774e-01
2.538980846317670625e+00
1.003603351394801280e+00
1.512667511730114711e-01
-1.676014775450013872e+00
-1.293961512389856239e+00
5.384726559038853111e+00
-1.607556324936780356e+00
-1.599163894167531907e+00
6.151526297950908884e-01
-2.232631251908983927e+00
-5.774282047249670313e-01
-2.239273715537478893e+00
2.637633230996939915e+00
-1.592434691590071338e+00
-2.046673818590818428e-01
1.077137364635049721e+00
4.341604484086047933e-01
