4.904317874374797270e+00
8.547892102180014717e-01
-1.460347550408599204e+00
-5.677846768478502781e-01
-1.954380881279874416e+00
-2.094601920506619308e+00
1.029111391484732962e+00
4.491607135278883334e-01
-3.258355416517275671e-01
7.964452587487897972e-01
3.566456091944303353e-02
-2.156023403104100566e+00
2.266343785031480706e+00
1.578559676681834389e-01
-1.920845189795315378e+00
1.077558570391374815e-01
6.336800522828838211e-01
-1.365543675636544663e+00
3.817084235639171652e+00
1.724004812894975203e+00
1.912616518087730810e+00
-2.614448039727008677e+00
-3.822447344109932033e+00
-9.892838972792645791e-01
4.062191516521224344e+00
4.314247026610715352e+00
4.196463038895501541e-01
-2.975587609051558502e+00
-3.145982126817642666e+00
-3.241138965063598221e+00
2.577573189291669564e+00
1.535303811763910176e+00
-2.237070638201046791e+00
1.559691655700603974e+00
-1.565800997531894723e+00
-2.437737319455507645e+00
4.803812150354175969e+00
1.125043641479891221e+00
-1.233828936766173001e+00
9.100050288576255753e-02
-3.148446814569481944e+00
-2.303173309349787701e+00
-3.214773890543938251e-01
8.525454029178831661e-01
2.671524755928061268e+00
-1.039270435346210775e+00
-1.504333863912847846e+00
-8.817556376963295861e-01
1.682586486258387026e+00
1.494740889164404507e+00
8.878600806993262040e-01
6.820933134703608403e-01
-2.718379341651626646e+00
-2.391372114133915261e+00
1.749927360840658253e+00
1.778345643331348924e+00
1.905530734257837366e+00
-7.073135340814644678e-01
-2.162956851013333903e+00
-2.820819862614470708e+00
2.966670224327558003e+00
-6.899402541974097858e-02
-3.217468113062594171e+00
9.161995853996955930e-01
-1.509145630436279362e+00
9.550409106708599438e-01
1.249873943219952821e+00
7.118573618622860977e-01
3.699866453264775146e-01
7.286074925950458692e-01
-1.329895181691313155e+00
-1.753873178153554591e+00
2.932116319172138219e+00
2.781612444971088394e+00
-2.671449741529556832e+00
1.188452123395592253e+00
-1.874486614782483684e+00
-3.127954744199399784e+00
-1.240707983541071258e+00
3.026201047873911421e+00
-9.354837162363622838e-01
1.253588342088363561e+00
-6.255936842731557590e-02
-2.244652178166333556e+00
4.275082796917828887e+00
1.661180897383104593e+00
2.077530561417916033e+00
-1.019514506429715084e+00
-3.694558345777124941e+00
-3.875540501595182263e+00
4.474191686937601276e+00
2.098485121587671642e+00
-5.954998499948942481e-01
5.025116787503378646e-01
-1.819071315752978535e+00
-5.635317279880425190e+00
4.986715091040196057e+00
1.324665163452579009e+00
-2.312306611585015048e+00
3.085513531008587051e+00
-3.794339920664995702e+00
-4.628840025712960937e+00
2.531966333862825991e+00
5.658643735724524504e-01
1.195782629516514817e+00
9.161179201615539114e-01
-1.938454762754801664e+00
-3.685149100582790993e+00
7.962037860425454028e+00
2.086455996739758234e+00
-1.853265176687557414e-02
9.969348682547263252e-02
-4.802423476386934453e-01
-1.079862547917163340e+01
1.914325653230918078e+00
3.720803781622350925e+00
-4.499577258882112574e-01
-8.176901880569431569e-01
-2.786316681215495805e+00
-1.901551487422381115e+00
3.221694249492585982e+00
4.272637698570775910e-01
7.722878454673463011e-01
-1.174075607067038618e+00
-1.133890811077876037e+00
-2.216569513664254032e+00
3.509937270251271002e-01
3.572968547161366359e+00
3.872444559104906148e-01
-2.450610814872717924e+00
6.362714338059447527e-01
-2.639541028077459828e+00
1.967517106651328618e+00
-1.644165314515504406e-01
-2.906455243294018942e+00
7.038713557002722609e-01
-7.148966886251599817e-01
1.168203761856531742e+00
2.632390920214234598e+00
6.999171672087101115e-01
-3.332908888985599560e-01
-3.423749590536147025e-01
-6.280267769671183942e-01
-2.051220497277185473e+00
6.808957319236682793e+00
7.293924649307967911e-01
-8.821847478377549123e-01
-2.696093205459320075e+00
-2.614566909533024841e+00
-1.956966348354029606e+00
5.266406181591293034e+00
1.409764892474726139e+00
2.530221648861569861e+00
1.025191836316992067e-01
-1.399856156758872316e+00
-8.569331201397645259e+00
3.789043038448269840e+00
9.094166840807815788e-01
3.147886476027991876e+00
-2.541340069551964120e+00
-3.529369190849919846e+00
-2.220814207059888190e+00
7.655279852797889362e-01
1.396003403521604014e+00
-3.261805048198738177e-01
-1.178083238221745432e-01
-7.436512916125366246e-01
-1.118512907508531384e+00
