-1.108032654552371099e-02
6.382428855073785101e-03
-5.396184898666556151e-03
5.190029164641618564e-02
-1.632653574044584666e-02
-1.281150666114228009e-02
1.256159648150800834e-02
2.660985315551278596e-02
-1.328106517171878664e-02
-6.247866836742721475e-03
-1.680849837044418038e-03
1.178034269465988437e-02
-3.547985252418839330e-02
-5.280088045547692843e-03
7.805070505959132987e-03
3.211916690936655883e-02
-3.874636657126462325e-02
5.454238631213970123e-03
3.026409699160881317e-02
4.583231761856954023e-02
-1.797217263757056038e-02
-1.718900563436243090e-02
2.751889118241646059e-03
2.702281180699994678e-02
-2.986942413133286678e-02
4.842906266924407177e-03
1.160775138187664091e-02
3.059035238340102048e-02
-8.306729354157438294e-03
-8.708307828583450316e-03
1.527257218736810529e-02
1.871478480550070600e-02
-2.244859429149292929e-02
1.018725223914662692e-03
3.514896058530059264e-03
2.369832335051058614e-02
-4.759066745041762303e-02
1.512155351587862739e-02
7.428868947447542226e-03
3.548742564188178683e-02
-2.395947537349218948e-02
-2.361366376450058091e-02
-3.572496122811630315e-03
5.445918072952515843e-02
-1.256105358798187410e-02
-2.026683952425778479e-02
9.372173468837230459e-03
4.038392166934645644e-02
-2.598483635905490807e-02
-1.078243530209443968e-02
-6.484686473607670365e-03
3.747810953225583219e-02
-1.285887828469944871e-02
-1.273376288567695802e-02
5.494610589973358827e-04
6.519887245408195753e-03
-3.933999695344869707e-02
1.766874998773793060e-02
1.968734684261108647e-02
7.250163478320992283e-02
-4.348051075126790899e-02
-1.816881899219224827e-02
3.095662983022440251e-02
5.403791529105284042e-02
-3.818750523275449282e-02
-2.328043656641143322e-02
-1.089375080931431761e-02
3.757081522634853066e-02
-2.916294513311767922e-02
-1.152403490811360065e-02
2.210157954036895411e-02
3.722928008793346955e-02
-4.048194670299287701e-02
-2.662523007955064358e-02
2.743579052317324241e-02
1.008191580518649211e-01
-3.113239037603188208e-02
-9.172419022021260915e-03
1.436899828015159031e-02
5.999630875461114954e-02
-3.415933043822416693e-02
6.482619490424834652e-03
2.024855822221849344e-02
2.981661869064433645e-02
-3.214330610730620208e-02
1.736090101822407306e-02
2.700061737119852090e-02
1.843471083337377969e-02
-1.645395834012708391e-02
-2.332579222340980252e-02
-7.304652134156874865e-04
4.220105629973014416e-02
-3.338394930015198270e-02
-1.141254034597349865e-02
1.849670267241454447e-02
2.530453217100658847e-02
-3.511866469534963286e-02
-6.945890168180701707e-03
1.531934815355429080e-02
3.051782805035174739e-02
-3.436522877912051577e-02
-3.319871796281614884e-02
3.430431097885811020e-02
6.756831193191947804e-02
-3.220172521512498776e-02
4.059495048255090666e-03
2.999643607967139580e-02
4.651366523411004650e-02
-9.020998365516730289e-03
-3.515984337207234134e-03
3.510471130219849911e-03
1.190010714829869976e-02
