3.534084616200203754e-01
-1.368499991317406739e-01
-3.523150864294848361e-01
1.400832016812714187e+00
-7.939672366964742878e-01
-5.730332242776512430e-01
-1.868060528736251058e+00
1.221080555876170592e+00
5.306813063087929550e-01
-1.430165247979857668e+00
1.217573486536082328e+00
3.010243251305837475e-01
1.819158082294379142e+00
1.342119049692186650e+00
2.155904439570264230e-01
-3.072239191608062470e+00
-4.624234267325277870e-03
-2.001142582450370355e-01
1.228858650936274444e+00
7.046184139171600691e-01
-7.856823918192077372e-01
9.033147802024217299e-01
-9.007149383966037703e-01
-1.360841416597665443e+00
3.493372650840740334e-01
9.693696852755238069e-01
-6.132982711262542352e-01
4.698571745505972785e-01
-6.213403463055442444e-01
-6.699794688962299460e-01
1.637932681042855165e+00
1.749554522224741504e+00
-2.790564440805411550e+00
1.660431782031821513e+00
-6.156615000514022995e-01
-1.774460766785296073e+00
1.733343730914853609e+00
1.463834335964094180e+00
2.747125973771602503e-01
-3.053562750892851341e+00
-3.724794245803764170e-02
-2.810498656141504625e-01
-8.817386173975606312e+00
3.844592505618777523e+00
4.623658730680574536e+00
1.483251935590075732e+00
1.000086030058554343e+00
-2.005420533158954299e+00
1.984529029348607310e-01
1.198474717166533310e-01
-3.403920439374985563e-01
1.250552572213067037e+00
-5.638983686686600549e-01
-7.629065886317789591e-01
8.204342262014279186e-01
1.757875725056308625e+00
-2.773528436149092613e+00
1.112155459741472896e+00
-8.856194568057986771e-01
5.819716565525823171e-03
7.108541534788770377e-01
-1.343633929346211175e+00
1.127178531592349486e+00
-1.574273427422170357e+00
7.634169094286278323e-01
3.716066498611212410e-01
-8.448772273130430221e+00
3.857570645045214519e+00
4.141980610155613363e+00
1.694435790727595759e+00
7.836476445116602463e-01
-1.916722893410309325e+00
-1.112870182456836687e+01
3.632130348836810185e+00
3.227493882042296036e+00
2.998953347941096581e+00
2.971359614615934674e+00
-1.976980944683162988e+00
6.010085287014021560e+00
2.455007361801534671e+00
-4.341014994048379094e+00
4.289663058015605657e+00
-4.742101305945951140e+00
-6.021003020106192594e+00
2.624187263311839047e+00
9.800439789557202630e-01
-4.290543420900007732e+00
1.498347309450807074e+00
2.975318140340306172e-01
-1.107999826321290016e+00
-8.795307043796810831e+00
4.163212014024637142e+00
4.397557257917895868e+00
1.637045369873845857e+00
5.556103934148097778e-01
-1.878599605011089579e+00
5.173079039206868401e+00
3.940977931593977246e+00
-1.253391228309070016e+01
-8.587534934388827423e-01
1.748101968401726936e+00
1.685695606858146789e+00
-5.317551948214941149e+00
-5.682502837623914616e+00
6.662504713477972018e+00
3.651619345160568741e+00
3.843184399737253898e-01
2.826809434391464038e-02
2.103241303189051337e+00
1.111667051028334186e+00
-1.843771083355179030e+00
1.997298292595459657e+00
-2.036938211726649683e+00
-1.824074703129227260e+00
-8.003314862183543710e-01
2.746954696898328052e+00
-3.634481574245739921e+00
1.018564174015438084e+00
5.544909530035511125e-01
6.526894519608106293e-02
-4.381627872244905575e+00
7.607078345006840436e+00
-6.724933403048353853e+00
1.452202550231874056e+00
2.348298830344589305e+00
-6.727942260807111552e-01
-8.492400207415826685e+00
3.854158099505667678e+00
4.526528204075191297e+00
1.648423677129656539e+00
5.056796767177331731e-01
-1.943858557033379952e+00
-1.111972444614717404e+01
3.584289395879693529e+00
3.482498947665732203e+00
2.967926735316083864e+00
3.031513996603251826e+00
-2.192026042580451417e+00
-1.476338988615452763e+00
2.409831356012972492e+00
-4.015182476280187984e-02
-1.915535287255920593e-02
1.081164113746012845e+00
-1.885962027077056291e+00
7.899521479879609842e-01
-1.412778266798298432e+00
1.120401797311174619e+00
-1.569373764832931784e+00
7.970367863876504089e-01
3.271099143781412977e-01
-8.612862571432003733e+00
3.672971445500635923e+00
4.412402761597789436e+00
1.523737259309086767e+00
1.050040173916130470e+00
-1.913327612305508296e+00
2.561648182164134369e+00
1.074516891605497904e+00
-1.982618995975769849e+00
1.443119133967329049e+00
-2.108746280063130030e+00
-1.458964856141065525e+00
8.407907876189426588e-01
1.659143709648603249e+00
-2.653051368721278891e+00
8.637149668466861385e-01
-6.761801561571871844e-01
7.530306311622325666e-03
-5.247618434685008992e+00
-5.513673535093673195e+00
6.559113347702592023e+00
3.538570922350913861e+00
3.079814201780237681e-01
9.113043733395898016e-02
-8.353767761999037589e+00
3.890238014171188752e+00
4.632915413768444068e+00
1.449794147432967861e+00
9.252511566067482818e-01
-2.393768962828175972e+00
7.226475901119044920e-02
7.192616221390153441e-01
-4.164975062813027762e-01
8.888649995281383553e-01
-5.754993274704531814e-01
-7.948433174103968213e-01
-1.978799387959952583e+00
1.014022413642123865e+00
3.390414562366004247e-01
-1.305663939265301110e+00
1.452881216262639441e+00
4.258515514230793997e-01
-4.162726402301899498e-01
1.964496883299275964e+00
-2.308063417316219557e-01
1.344541935439707458e+00
-2.366532201714122152e+00
-2.455805589877826378e-01
9.192057827226278732e-01
-5.248995760413208700e-01
4.119370970342828286e-01
-4.896251339616668474e-01
4.949862090056882380e-01
-9.325136669994407157e-01
