-4.029561372364875993e-03
1.521553854930468574e-03
3.658835419475092721e-03
-6.046444171174059079e-03
-4.178706105647411739e-02
-2.687046175802487724e-02
-6.867882678749825942e-03
4.071407214653488538e-03
-1.963747836024620774e-02
-5.920112259482523953e-03
2.478029520021074461e-04
1.415868156655442078e-02
-1.067979600460944312e-02
-1.018752131431899244e-02
-1.183262263598106045e-03
4.318383903533895563e-03
-4.686013070817951487e-03
-1.950810697771920843e-03
1.918237789582999397e-03
-3.537161208963413017e-03
-4.559855291963055279e-02
-1.441807131099959172e-02
-1.400566699530125803e-02
-9.793422349574143482e-03
-2.047315964583118486e-02
-6.002488206780176583e-03
-7.040605685801892832e-04
1.414627446849148207e-02
-7.833102385372336940e-02
-4.984234340236981531e-02
1.805197671102565238e-02
2.148892822720860352e-02
-3.838289309823883499e-03
1.128842742415203659e-03
4.785956696444104708e-03
-3.552774300724870216e-03
-1.678965361097617404e-02
-4.872222079308929921e-03
-6.371250984299026143e-03
1.681655397980619249e-02
-1.364602428885830498e-02
-8.207427167607139751e-03
3.331235562581857934e-03
-3.292657026956913313e-03
-7.340904449209006977e-02
-5.224685393356498508e-02
1.476778682431167944e-02
2.159918511405511943e-02
-5.062021204672317864e-02
-2.663433101507250989e-02
7.937602972130752832e-03
1.172347047337418680e-02
-8.683447947079869778e-04
9.725678989322084078e-03
3.787038075315196650e-02
6.255108830518585350e-02
-1.324554417930001726e-02
-2.470815545604465591e-02
7.414916112473690646e-04
3.380738919659642683e-02
-8.071375441514327953e-02
-4.553861418798943461e-02
1.407622728556878755e-02
2.154308279017014272e-02
-6.426926121549958459e-02
-7.930796250319227525e-03
1.056358788793954062e-02
2.071975116420210483e-03
-8.237059365719501258e-02
4.126471887031302188e-03
1.067735426612848038e-02
3.370481064157471174e-02
-1.931672949575280462e-02
-1.142469867405115913e-02
4.706042162118118100e-03
1.883672230085564614e-02
-4.220433072556351028e-02
-4.652417829815491679e-02
-3.170930392050630431e-03
1.330031367790329710e-02
-8.477641268721081147e-02
-5.028496060846432414e-03
1.803008188590649041e-02
4.547293176109024060e-02
-8.075007803217304492e-02
-5.152131748632848840e-02
1.386070100903169511e-02
4.629447017113719198e-02
-4.986911701669027863e-02
-2.521907063722506059e-02
9.031045937205384178e-03
1.108806993329758406e-02
-4.529392372048479665e-02
-3.241874794752885869e-02
-2.392344273683133515e-02
1.534282523864893832e-02
-1.352492655763337659e-02
-7.884723692215489521e-03
3.367238170647102180e-03
-2.772384559560414630e-03
-7.929904633713058537e-02
-4.898498059806555283e-02
1.767097617652635400e-02
2.208432516224445585e-02
-1.735019505791668415e-02
-1.280166075683353277e-02
6.379216453666902709e-04
1.770071051626542769e-02
-1.564875523317965644e-02
-4.273040761592072911e-03
-7.848657152620175381e-03
1.542445251428792297e-02
-8.196949127262476154e-02
4.593867584777644453e-03
9.012930552891651459e-03
3.478881580329362677e-02
-8.211576096600126107e-02
-5.222939169873597187e-02
2.418911242831578434e-02
1.930225863452217361e-02
-5.052536108547167615e-03
-1.441162197004519641e-03
3.033271830366057742e-03
-8.570776213427944157e-04
-4.168291671225166084e-02
-2.576489951373273080e-02
-4.541566572799471402e-03
6.939961966373919822e-03
-2.095577805931436721e-02
-9.430833947925432170e-03
-8.564351664852143386e-03
2.617008650772301159e-02
-2.579322683783580317e-03
-1.122760692596536103e-03
-6.385779971163074720e-03
7.287912478645575121e-03
