-1.133017640403078019e+01
4.643345391574257519e+00
5.293227777513820342e+00
1.305346652766672833e+00
1.571253951783319280e+00
-1.455962409086595244e+00
-1.512617630984038897e-01
5.874940955055620861e-01
3.774474311073277022e-01
-5.055401468053162262e-01
-5.364411120037573255e-01
1.600746256783480703e-01
-1.210729594347455418e+00
6.681497194831820252e-01
1.894629542162675762e-01
-6.636636824087389641e-01
8.568246373111065850e-01
1.375156117433107283e-01
-3.271689428776682007e+00
-4.162189644304135072e+00
4.782313172410681545e+00
2.793742684516999475e+00
-1.041434061378012643e+00
7.805498441184681724e-01
-5.426735406371420822e+00
2.657092026271442364e+00
1.872447758082117275e+00
7.382331370529158221e-01
9.010375252877906860e-01
-6.790614997502188999e-01
5.891072617330905814e-02
1.313143611131692978e-01
3.379334731383067947e-01
-5.867683045414224807e-01
-4.920478724042283147e-01
4.949474917780776195e-01
-1.071211423518761308e+00
-1.017907216835212125e+00
4.916967824896545380e-01
-7.096086428191910045e-01
1.434771172941864847e+00
7.484053127817702489e-01
3.924690021963925801e-01
-1.689130433203757775e+00
9.956430663041970774e-01
-2.313286497523847629e-01
2.581959194461234119e-01
3.298685259395455205e-01
-6.973077335309469049e+00
2.519037624891538485e+00
3.911767028719921768e+00
1.126020101952690311e+00
8.380477405865320861e-01
-1.303021906486051762e+00
-6.674631771079091891e+00
2.614527644228374470e+00
2.475380447051591659e+00
1.876134808550403932e+00
1.434502690298913308e+00
-1.851615924617377118e+00
5.363543016439820121e-01
4.385643240520948893e-01
-2.439368950976898986e-01
4.038473687039498827e-01
-1.485084754790477746e-03
-1.162901346045430273e+00
8.188654702248783224e-01
-2.015983797989591153e+00
9.111536982569106158e-01
-6.377969229370421544e-01
4.922327035914122462e-01
4.871753937643035215e-01
-6.696519567343258927e+00
3.337463807675931093e+00
3.421671353845312069e+00
6.960963396476387288e-01
9.908565770494561775e-01
-1.657892464804518795e+00
-7.271965997701101969e-02
-1.548654275013490178e-01
-5.970381211934920884e-01
3.200808485141095616e-01
9.084250532530973032e-01
-4.518845831212416897e-01
3.068077513994950323e+00
2.126920882570416893e+00
-2.419556664068224450e+00
2.837864794680172054e+00
-2.416495632968931773e+00
-4.197917992675044729e+00
-3.497412799339784328e+00
-3.451119234633679866e+00
4.740302975683135855e+00
1.930697657671018419e+00
-4.194570610314514170e-01
5.551349338634565811e-01
-6.873170598211700622e+00
-2.135855593935175989e+00
4.324570120331969747e+00
2.564835900314349715e+00
1.144826926578375037e+00
1.051914918332101934e+00
-4.390351540563230515e+00
2.430822202886048444e+00
1.781613581943389590e+00
3.749616756814418750e+00
-2.058372897216557362e+00
-1.678900774661173045e+00
-1.126329687438342830e+00
-7.323166948811774546e-01
6.555769342914459230e-01
6.658124669544918106e-01
2.416047282916338190e-01
2.767908795411102574e-01
-2.151857828823153795e+00
-2.520317772864757444e-01
1.007090175677518573e+00
-2.664361813020832415e-02
1.085546826606517357e+00
4.194984150535248091e-01
-6.799171121761361292e+00
2.646390986861831607e+00
2.312800423189642629e+00
1.682003870756645370e+00
1.503014641178353372e+00
-1.512739016080232091e+00
-2.970668429858363879e+00
6.557838436380620806e-01
4.327515709291702706e-01
5.126787288958212230e-02
1.016963084105924509e+00
6.743580528821269127e-01
-7.491007080544761720e+00
1.711815621632709394e+00
-4.893426405076098717e+00
4.054641393341128719e+00
4.042049683830327922e+00
1.292836792725779560e+00
-4.691656483312669934e+00
3.039987695108763432e+00
1.346372043898909965e+00
3.384694164493708968e-01
2.565106335498938961e-01
-2.936420490730284882e-01
2.335545095300631147e+00
2.151622219731819996e+00
-4.054185806828570549e+00
-2.726569081776233361e-01
-2.270730719721996138e-01
1.681821743466116459e-02
-1.213701791711329747e+00
6.801828473936524233e-01
-1.287956108193853311e+00
1.902485307622328037e-01
1.212903663008461308e+00
3.145871247597256115e-01
-1.770149735002277680e+00
1.656939019512634559e+00
-1.355012756200352442e+00
8.471938448401061805e-01
4.650018326933746948e-01
2.482523678163346403e-01
2.155926420595648096e+00
2.117916950095192874e+00
-4.021814730443452390e+00
-2.388487096287974509e-01
-2.503722742660841050e-02
-4.053699422563283861e-02
1.899247073790917284e-01
6.917759657683006935e-01
-3.884243418391974956e-01
3.934691494235522669e-01
2.512336316867020969e-01
-1.149453833928362201e+00
3.875201195611751359e+00
-1.412748967362233543e+00
-9.528497504628745673e-01
-3.488941803552080501e+00
1.923841846303616876e+00
-3.390953716369722315e-01
-4.753816602640071665e+00
3.189427466777218001e+00
3.544399785999260644e+00
-4.911399949153860689e+00
2.986772608829795672e+00
-9.325006526096046855e-02
-4.051724718578952888e-02
-3.090736180496236329e-01
-5.203375996320573904e-01
4.613016190823771012e-02
6.053328940302833416e-01
1.710644271399104355e-01
-1.782081419734993233e-02
1.887547249910284108e+00
-2.316608908021976276e+00
1.315079436232892363e+00
-2.868461692346215841e-01
-8.343628621735064144e-01
3.173932467809706282e+00
-2.717190253155536084e+00
1.788654571203807109e+00
-3.131292494423277617e+00
2.428729891600767132e-01
1.725547810692518169e-01
