-9.004642936126283637e-02
-2.214948327851540277e-02
1.717975779703673211e-02
1.200628483541898994e-02
-3.239169743229242115e-03
-1.044798518663991871e-02
4.506905204447075874e-03
7.564583094729071533e-03
-2.899016187119607402e-02
-1.646640695371082153e-02
-3.865217411373134127e-03
2.726546351819791880e-03
-7.175317079143517240e-02
6.412525230261589826e-04
1.960432334205064464e-03
1.938444782372483743e-02
-3.650076654828660061e-02
-1.475780066636978027e-02
2.694207314783314544e-03
-3.679724422663177563e-03
-5.541456992637749934e-03
-1.536926776384683890e-02
2.773465606657365967e-03
1.070791827902284332e-02
-3.681786430376376984e-02
-2.299005984612878528e-02
-4.915061745217830236e-03
-1.675811984034325519e-04
-1.320729409677801058e-02
-1.085451390967695495e-02
-4.343043639544408308e-03
9.950449343108402900e-03
-7.714884871225513585e-02
-4.102876797341714621e-02
1.009484596965748437e-02
1.222434154158991149e-02
-4.959447000485028845e-02
-2.020334219817376820e-02
1.001950174211851952e-02
2.142914826499375813e-02
-4.862254230363349805e-03
-3.906232870263481871e-03
-1.582963603067533143e-02
-9.394410419656384903e-04
-1.287437529266366454e-02
-9.998427997210734830e-03
-4.034937192622489732e-03
1.855244451758331081e-03
-7.010276893117750596e-02
-3.104445492762808456e-02
8.174043277209941394e-03
2.608615730054197890e-02
-1.476111254614975721e-02
8.886853380731807306e-04
3.203691619046766803e-03
4.226536874670783206e-03
5.939377380763666281e-03
7.240431871713193246e-03
1.119674064001263680e-02
2.788927002546937040e-02
-6.396365998547670628e-02
-1.963185418956570061e-03
-1.284373168534136411e-03
2.401035887077163089e-02
-6.951596041100782664e-02
-3.888943169721303939e-02
-2.791428605079748770e-02
6.920742535399870832e-03
-6.191275641272486752e-02
-2.666041000352237234e-02
1.413217561413393497e-02
1.499244748527006621e-02
-1.922811444581173923e-02
-2.629390594946512394e-02
-3.067039588761977242e-03
2.981455664581078580e-03
-8.619771422718525145e-03
-8.141535694071722062e-03
4.555226011999202740e-03
-3.489562118767608467e-03
-4.968259060272517402e-02
-1.930138941116044116e-02
1.267330846010250589e-02
1.802968254744041765e-02
-3.871392237245707690e-02
-1.554822478949136055e-02
-8.339390066483653996e-03
-2.779894322766374160e-03
-5.341360375025661078e-02
-1.666697080247470097e-02
-2.480044683355053792e-03
1.681070855629607230e-02
-4.397320935673976194e-02
-1.343644509192731817e-02
-8.948450871262725315e-03
2.608198814873174953e-03
-2.622148694845072292e-02
-1.317599384951240182e-03
1.050063950824853265e-04
8.292603084205873998e-03
-4.214857928430171263e-02
-2.188254748046691844e-02
-8.830094543832212040e-03
2.914752886843174906e-03
-9.154589280717662092e-03
-4.766484217651356659e-03
-1.323855336957646678e-02
3.289263466953684656e-03
-2.708456150577887023e-02
-3.577743892250406788e-03
1.676066713832025101e-03
1.302217206725142518e-02
-5.667724965152443062e-03
-4.474149072842603658e-03
-1.293551025833505896e-02
8.798653767549957649e-05
-2.522781058242307139e-02
-1.719586650340776401e-02
-7.813725120820125269e-03
9.441923965362475357e-03
-7.824986432836777972e-02
-6.554287242642087286e-02
-2.495091016183836885e-03
1.676272405937062615e-02
-1.644985650583219439e-02
-2.436299865433477763e-03
4.920222500587101422e-03
6.812653407584301490e-03
-1.596374091524088712e-02
-2.826115574259713270e-03
3.501168733942572331e-03
1.166855968503632823e-02
-3.111149938294199835e-02
-2.299148739619094606e-02
-8.694161973228808904e-03
1.026350087109473286e-02
