-6.401254545833992893e+00
-1.747450319342917169e+00
5.751351963110380439e+00
-3.052265082172596067e-01
2.602025768741825118e+00
1.528097462478541502e-01
-8.481336636262426509e+00
4.517155745113498710e+00
4.229561655530602593e+00
8.294385340625609615e-01
8.041808386523001673e-01
-1.827357471784793574e+00
-2.821885942800321345e+00
-2.821963194775634065e+00
4.284721882767911438e+00
1.674947346547654092e+00
-1.921860919546958257e-01
-1.923445369516514347e-01
-5.920735916122140452e+00
-2.081154632866571319e+00
6.425474697352157705e+00
8.197234489168891969e-01
2.118768672465023428e+00
-1.190504699456354842e+00
-6.008307426032033050e+00
7.062683069037191785e+00
4.005886762975450210e+00
-1.227757629127462735e+01
6.970380568667167154e+00
-8.253107809320709976e-01
-1.247472256844261551e+00
-5.990854468164243940e+00
1.489108919588900903e+00
3.020864123307788418e+00
-8.215116311427550500e-01
3.473426189798473729e+00
-1.027896175787688549e+00
1.889685647321059037e+00
1.747292493935418634e+00
-1.074653172644261190e+00
9.241089016527865851e-01
-2.355136045794679944e+00
8.810174153790342189e-01
8.813836114647415343e-01
-1.416139450511776943e+01
1.343051624716750325e+00
4.696222803203880858e+00
4.695880287161216415e+00
3.024120594192041267e+00
-5.721693901102753443e+00
2.713655998194781205e+00
-1.313598026853696865e+00
-1.315888383606207412e+00
2.601502329176767603e+00
-4.676256371654162081e+00
-3.481632195342612590e+00
4.233241300992062861e+00
3.472146822680045375e+00
-9.740140258893035252e-01
1.188292807527602690e+00
-5.239585459398185208e+00
-5.239549594695390056e+00
4.309002822324146109e+00
4.288009298262394964e+00
7.083929370686234961e-01
7.081522952290129069e-01
-1.247375218814511300e+00
-5.991097348892338914e+00
1.489176370695304286e+00
3.020910836991177462e+00
-8.216395115189527587e-01
3.473589487457360292e+00
-1.028061094643362594e+00
1.889756418329497478e+00
1.747488157187234492e+00
-1.074500483399248196e+00
9.240367866929943830e-01
-2.355312314961096831e+00
-2.141146379513116926e-01
-5.297943662867893977e+00
3.080104715604122134e+00
7.786271020458713110e+00
-7.396632089128459597e+00
2.332752222202344683e+00
-9.490969739898218904e+00
7.213422877548197221e+00
4.107069997322852828e+00
3.559386154798204416e+00
1.033291001895932482e+00
-5.918155914133478745e+00
-7.774359926439032620e+00
2.346753304567386067e+00
2.346851689644054773e+00
3.055556797066103059e+00
3.055701889542177696e+00
-2.966809682613288146e+00
5.638538121704641526e-01
2.639554282114502826e+00
-2.022615112762721878e+00
2.639279073897512262e+00
-2.022958153846587948e+00
-2.385868484765225617e+00
-6.401403552143193565e+00
-1.747424874588674015e+00
5.751229077942994650e+00
-3.052075577006405638e-01
2.602121998757198185e+00
1.529335003624794354e-01
-8.481111514283512065e+00
4.517468812644835907e+00
4.229591985137147958e+00
8.295270240586205546e-01
8.038328795971665386e-01
-1.827650093558617073e+00
-5.012698361341136888e+00
-3.479793087502955018e+00
5.543966091549947350e+00
2.002664161942888654e+00
1.536843327525019731e+00
-7.425130979798808539e-01
3.981517239330500502e+00
-4.170739111572544289e+00
7.946827791189292611e-01
-1.624655733105782929e+00
3.558367430224222971e-01
2.272376214581726117e-01
-2.138923482975769730e-01
-5.297688103550868277e+00
3.079780369159792031e+00
7.786191979930194407e+00
-7.396701502382228455e+00
2.332721713561383581e+00
-9.490490764927258738e+00
7.213312498358519065e+00
4.107008135752053590e+00
3.559077688676183016e+00
1.033043651437196786e+00
-5.917961233172007951e+00
3.024177143585376371e+00
-5.721713474416887379e+00
2.713805855398192080e+00
-1.313686048920985172e+00
-1.315947663059006345e+00
2.601451795161395353e+00
-4.676198619434671855e+00
-3.481745345371280109e+00
4.233367137980962980e+00
3.472123584417033726e+00
-9.742082029050749270e-01
1.188444095847600579e+00
1.410033231147110655e+00
1.409813651863913719e+00
-3.594167393151721512e+00
-5.014152394196003115e-01
6.142245056558692795e-01
6.141992883158167160e-01
-5.012504749034249585e+00
-3.479798486346354025e+00
5.544114943399350182e+00
2.002474895783379338e+00
1.536749582378064360e+00
-7.425722286111664516e-01
3.981463638065307009e+00
-4.170867859056457405e+00
7.945466835718377752e-01
-1.624387314868911858e+00
3.557894663690319703e-01
2.273662605619364285e-01
-5.920879321227246805e+00
-2.081409785640943255e+00
6.425561049020785731e+00
8.200252516717370099e-01
2.118627533068121238e+00
-1.190345916165540530e+00
-6.008671717893435016e+00
7.062926995085604176e+00
4.005853965194503985e+00
-1.227788159082450647e+01
6.970601193234301718e+00
-8.250958500994443057e-01
7.777549480011742844e-01
9.516927412270632658e-01
-8.437068447563262907e-01
9.513339473435280524e-01
-8.438154998944185081e-01
-1.186043736504970525e+00
3.491157768081393442e+00
-4.357307300672630390e-02
-1.546844177521293773e+00
-4.380393008472083238e-02
-1.546884845283884147e+00
-5.728696979586658244e-01
