-1.156059696046733976e-01
-6.559059374677445042e-02
5.519407114009888815e-03
-5.168711284000426787e-04
-8.913870158238346164e-02
-4.633627026428710494e-02
-1.407771954786474211e-03
3.161664367157568378e-02
-1.064817813466862884e-01
-1.655742948664329361e-03
-1.655126836008546931e-03
4.307305843241082677e-02
-1.286243579913362023e-01
-6.877132817205011683e-02
9.270187846896149608e-03
1.588405515450719285e-02
-9.245811772736400869e-02
-5.424285363317449260e-02
-2.977780785075756498e-02
8.082812795826566088e-03
-5.072158888458799808e-02
-6.319143381034697526e-02
-4.758819463383856530e-02
1.532850302475763371e-02
-5.112914054372619255e-02
-1.965114192228001322e-02
-9.130535346955293008e-03
-3.147711743074488311e-04
-4.762471752033525796e-02
-1.933697735728978628e-02
-1.933677320858895321e-02
-1.857419916985847408e-03
-5.168809509849037198e-02
-5.969350694162445237e-02
-4.440236989111423505e-02
1.313211667112290648e-02
-1.342526485287967031e-01
-2.100012903320003232e-02
3.159639391630886252e-03
3.008282556623109727e-02
-7.966372735533888694e-02
2.886897717471192948e-04
2.892314289522079918e-04
4.925186278177884347e-02
-5.072053104460039208e-02
-6.319162651492438165e-02
-4.758805325170345490e-02
1.532917302964476036e-02
-5.112948003140926900e-02
-1.965178196392769472e-02
-9.130394597846036575e-03
-3.154153099922396564e-04
-1.202211138899671461e-01
-7.005594740232234940e-02
-2.194340691426766021e-02
9.826277278803141613e-03
-7.253981729342462437e-02
-6.269644072094293641e-02
1.857830352156586429e-03
4.936383418823897529e-02
-7.704022948059630060e-02
-1.608060260617394377e-02
1.659287062254555245e-02
1.659432388247839008e-02
1.178565266115971788e-02
1.178570346989560313e-02
1.669831911030583704e-02
4.344095285649762772e-02
-1.156054340925176671e-01
-6.559097454951756667e-02
5.520463869789438149e-03
-5.166483017116085819e-04
-8.913759443226210166e-02
-4.633824290028809578e-02
-1.408536095395485077e-03
3.161647134699263617e-02
-1.079329926326233480e-01
-7.528724336069259060e-02
-3.513155528811862105e-02
2.702288248909701096e-02
-5.312311884632991976e-02
-4.067677740328101699e-02
-3.620143144475784780e-02
2.005266443071285209e-02
-1.202214733847806194e-01
-7.005711077268617082e-02
-2.194547386099010566e-02
9.827857044007126675e-03
-7.254059718238559107e-02
-6.269796895360424394e-02
1.857246703072190641e-03
4.936386852353402688e-02
-5.168783642068341955e-02
-5.969400930859247723e-02
-4.440494112549986383e-02
1.313259446946801745e-02
-1.342523057832272215e-01
-2.100133305699891650e-02
3.158768553762625331e-03
3.008300143625963763e-02
-2.871267812151589993e-02
-4.229094036124703138e-03
-4.228982711725226551e-03
2.902752620499526870e-02
-1.079328647083102055e-01
-7.528725811243952570e-02
-3.513420944515033284e-02
2.702212709899076692e-02
-5.312346238718190783e-02
-4.067717035782680846e-02
-3.620228216267773469e-02
2.005246908836610942e-02
-1.286244896724997311e-01
-6.877216661429863542e-02
9.270166854300709858e-03
1.588341130656889533e-02
-9.245795874822726468e-02
-5.424270740811176772e-02
-2.977957916729079280e-02
8.081540767600703390e-03
9.174474022448420030e-03
9.175017514763794679e-03
1.168240418985244666e-02
3.895378550699191145e-02
-3.314864712921283818e-02
-3.314843698224634316e-02
1.598868113719031925e-02
5.246786062282904339e-03
