5.499608427586764492e+00
5.123237936749035271e+00
-6.837438405789555418e-01
-2.510514097784621868e+00
-3.506499502109136301e+00
-5.254860413377613781e+00
-1.188379192092796188e+00
2.950637589211368095e+00
-3.286732364772717574e-01
1.365222153401148830e+00
-2.509135356642417491e+00
-2.477729293435260161e-01
1.159855923569850233e+00
1.959236658151027655e+00
-3.750619361830686671e+00
2.428531329633926816e+00
-1.918618640657527408e+00
8.237482623273706395e-02
5.194581619077695223e+00
-5.351254155146420999e-01
-1.442847845034606280e+00
-1.773567912833271976e+00
2.956985639647797370e+00
-5.336347882010187504e+00
4.609747407423697041e+00
8.344367553334706145e-01
-1.904263093642668991e+00
1.974798068517245042e+00
-2.473311584979398958e+00
-3.969844696035210063e+00
1.945292853373871367e+00
1.141600596233118381e+00
3.960958364454256753e-01
-7.546819586564339488e-01
-2.680105333355840003e-01
-2.396894741837286347e+00
-2.866993253210168291e+00
6.329328178190593235e+00
-3.111016672894493240e-01
-4.236732810347206168e+00
-2.922363029045513372e+00
2.834406753645296817e+00
3.297331773728345183e+00
1.380261988279542607e+00
-8.491463523578488548e-01
4.373180694768734611e-01
-2.856749429950525609e+00
-1.579563984880678618e+00
1.153280178226850694e+00
-9.363140141260828386e-05
-1.815151169329311642e+00
3.525689605305913688e+00
-3.096777224184677380e+00
5.100500901973248347e-02
3.393201939716107063e+00
3.420512416051465721e+00
-1.847051132047852207e+00
-5.023810995657242984e-01
-2.776437793171098178e+00
-2.398648323098299784e+00
8.621312948910670571e+00
5.499753391032967897e+00
-8.089248026563936378e+00
6.325129071638727396e+00
-8.185024112225832482e+00
-1.097296217011074759e+01
1.272232155747857973e+00
1.216757948013764690e+00
1.244818978852237024e+00
-4.202993445665015315e-02
-2.782365780341351069e+00
-8.301642788844532106e-01
1.077213168308891511e+01
2.630804063419702743e+00
-7.647749016776984377e+00
4.027624131999047563e+00
-4.899146881106560159e+00
-9.698067078170382160e+00
6.338117993032014397e+00
1.522402377926113104e-01
-8.041935211073365508e-01
-3.574454399605187405e+00
-1.043469266040716548e+00
-1.464213340599329172e+00
5.694699888537741117e+00
3.628793718351019493e+00
3.785131616275293709e+00
-3.025250085521307142e+00
-5.985261620285172057e+00
-4.544938453803780476e+00
5.580302253975304438e-01
4.641835183815743449e+00
-2.228981895156749715e+00
2.432977198253922779e-01
-2.830022795364271815e+00
-7.493111465779804803e-01
-1.433730677392787811e+00
1.723564797118740444e+00
-7.031094117478460248e-01
2.158601010203227588e+00
-9.595093557004190643e-01
-9.735423138556456024e-01
1.256119493598646386e+00
1.256392339335064889e+00
2.503296658233963967e+00
-9.355367503261504680e-01
-2.546611404262776546e+00
-1.448480800629468490e+00
5.933407914525901106e+00
-1.003091907889967160e+00
2.624562817723287367e+00
-2.549545115583057964e+00
-5.257784830525054076e-01
-5.722246514694944608e+00
5.930176617196806887e+00
4.389550754505890495e+00
-2.161867196231312960e+00
-5.242035463984109356e-01
-3.992351733658225044e+00
-5.212234475742789641e+00
2.568089185354722304e+00
1.717608127956509634e+00
-9.640181559599625416e-01
-1.379432317359459148e-01
-2.419082192931114150e+00
-8.508707423420958094e-01
3.687449575327363505e+00
3.081985045888785635e+00
1.068727885177196413e+00
-4.985182335680917731e-01
-2.096620915296597332e+00
-5.387104620673042632e+00
3.789198211424789520e+00
4.157662909928106387e+00
-2.436205458485048325e+00
5.109909744186879266e+00
-6.336778096464428245e+00
-6.691050706012688920e+00
3.508915685950512398e+00
-3.810363143093681515e+00
2.108192739220854151e+00
-2.471991484837076314e+00
6.391537441814989506e-01
-6.339804289750361477e-02
2.609669197584224776e+00
2.210655794901057902e+00
1.065489095752823800e+00
2.693296087713434872e-01
-1.017320008111568086e+00
-5.178924725819612718e+00
-1.692294775556263176e+00
3.771999642171522282e+00
5.808171720134396310e-01
-2.150585457108235232e+00
-3.008269561064409459e+00
1.823476584603426431e+00
