-2.740684581172758705e-02
-1.147138410245052142e-03
1.486705506143559674e-02
3.895715260836030147e-02
-3.615594058755977613e-02
-8.339642617925857593e-03
-1.085677022262099278e-02
1.001466073800227896e-02
-8.561348584874117762e-03
-7.787011700208790188e-04
3.539683782743052731e-03
6.117450058449791506e-02
-1.892032849921210236e-02
-9.435323598860234640e-03
5.993260697821911620e-03
6.897921961902420129e-02
-4.862388543371531924e-02
-3.741132259252566428e-02
7.951061068156128897e-03
3.734518304011213985e-02
-4.760518143925263068e-02
8.694396743186061371e-03
4.120998009795129313e-02
4.585156216693841991e-02
-3.282183174153852079e-03
-9.265383008480565508e-03
2.298365501439936232e-02
4.138220814087589794e-02
-2.549631564245746773e-02
-1.708930475271563942e-02
-3.315725548284964574e-03
1.619260343222728160e-02
-3.881937327466955523e-02
-9.770272676931313072e-03
3.546499780790801637e-03
5.994960446690544842e-02
-2.353373586740015178e-02
-1.344567087247616755e-02
1.069141728441613814e-02
3.125453050713522529e-02
-3.695393840920657702e-02
-1.118622032930693955e-02
-8.887267217655425711e-03
1.313769136454441266e-01
-5.215555480599953775e-02
1.871735420027653696e-02
2.499908777100534607e-02
4.602159685345563744e-02
-4.029154579578042572e-02
-3.780795630568167809e-02
2.077164992400915011e-02
1.178153106578143650e-01
-3.665716840900756779e-02
-3.358952449636043447e-02
-3.489764945429518761e-03
1.600166257156732108e-02
-2.726224984985936572e-02
3.482964331618743081e-02
4.843425962600789170e-02
5.884059595466006876e-02
-8.459661783052574435e-03
-1.998597389093603738e-02
1.111857739318988791e-03
5.624940860488036876e-02
-1.585084478459175550e-02
-3.480271538523149744e-03
-2.875197033808785108e-03
-7.910559896168400940e-03
-2.883133904610590825e-02
3.048602608993822294e-02
3.302486260250203642e-02
3.558477327891229613e-02
-3.247562122865499390e-02
1.090720345702989036e-02
2.962966826248525365e-03
7.378274056197153818e-02
-2.212043459360235609e-02
2.085333459196814232e-03
2.397954926098444517e-02
4.321922614206608060e-02
-2.748872520897904792e-02
-5.012239836688969774e-03
-1.427782320928483450e-02
1.114323243018211507e-02
-5.983051124375782237e-02
1.024543849501902137e-02
3.647026204402781246e-02
6.010056320018519749e-02
-4.435303379303423554e-02
-8.014581197212100605e-03
1.259944825692094206e-02
6.424548133734298005e-02
-2.840201282319920750e-02
-6.330920071424994688e-03
2.992342621300991823e-03
-8.195569220271980981e-03
-4.799758463886938387e-02
2.094890042744657066e-03
2.366083649250838583e-02
5.347593609689771377e-02
-1.453738017266870131e-02
-7.334975102109231315e-03
1.324757515285979181e-02
3.534870883599006142e-02
