3.175165288885835935e+00
2.501063391502839295e+00
2.133995147737550724e-01
-1.872100084714659829e+00
3.587169633251647838e-01
-4.385776836188242100e+00
1.899499939222025091e+00
-5.535613370554415269e-02
1.257665790748148993e+00
1.089780363428545229e+00
-2.239555140818637824e+00
-1.984487008492450855e+00
6.718733445194416731e+00
4.125530743859584959e+00
-1.417482256072247537e+00
-7.062112376393656632e-01
-5.155957239907124290e+00
-5.306996102276343663e+00
5.265938704920500868e-01
4.487200658450362312e+00
1.466812843847122849e+00
-1.020604816582306285e+00
-3.715731426278097160e-01
-5.328934142827463916e+00
-1.078975860531727449e+00
2.162605105837002384e+00
-1.240468716888045719e-01
2.228750588097184959e+00
-2.817884146592135153e+00
-3.114711138473893470e-01
5.095819353050799805e+00
8.530967800483466590e-01
-2.589070778138591322e-02
-1.132900535727657143e+00
-1.339210716937330403e+00
-4.125574397738290600e+00
1.908219697176321006e-01
2.834715492451636010e+00
-1.226100516971854404e+00
3.581661813001034034e+00
-3.192413029333962982e+00
-2.899008391941492846e+00
3.982577834825292484e+00
1.205128486086678663e+00
3.239997150063004483e+00
2.632063330514981203e+00
-3.881444702363580745e+00
-7.429131106364962989e+00
2.366844688619778481e+00
3.151879716926615060e+00
-4.874511136540888856e-01
-5.753809018949596066e-02
-1.033978885803634284e+00
-4.125995764867880666e+00
3.162518727570798660e+00
-1.224652563534291971e+00
8.787982103284974755e-01
-1.217225111597727505e+00
3.509470658729867409e-01
-2.369671152467120123e+00
1.500192375650669874e+00
1.463394234252177739e-01
-2.475103281737602856e-01
-6.857502589363804191e-01
7.062630422098550298e-01
-1.509595456218264076e+00
7.329724971035460612e-01
2.781363818252273745e+00
6.371746968411713397e-01
-6.320781829126644880e-01
-2.950395210098662346e+00
-6.521451584433179960e-01
5.866705047561339370e+00
-2.204874246791348469e-01
-2.038192807503790505e+00
-1.311905240741580769e+00
-6.946270711471242976e-01
-2.010792061194635494e+00
6.309718898364295114e+00
2.142417749684653927e+00
-3.230849727177059094e+00
-1.348539122746927887e+00
-1.283450147722973611e+00
-3.493379343124459524e+00
3.620752647518699519e+00
3.095334090936844973e+00
4.990232007439203699e-01
-4.469757022177603289e+00
4.147508404604565158e-01
-3.137739056158039830e+00
3.373680897852793237e+00
-7.764946777886905238e-02
2.607061188119089934e+00
-5.815670482251817930e-01
-2.022906281095345093e+00
-3.789442857899274486e+00
6.064444576706407020e+00
2.258761040214992022e+00
1.320770650871423868e+00
-2.666511208594911864e+00
-3.844021464015369816e+00
-4.105117487610058902e+00
6.890843045066503691e+00
-1.411225839505164004e+00
-2.582948209193602906e-01
-2.182547434507796424e+00
-4.504695210451501453e-01
-3.423742025676290268e+00
4.921995097057035196e+00
2.687084904067376101e-01
-1.259335885224047047e+00
-1.388238590177408582e+00
-1.310366784999402512e+00
-1.523833809151881269e+00
2.275652131517318821e+00
1.632607829997596127e+00
5.411499007896480862e-01
1.539104184949081855e+00
-4.947696776706365540e+00
-1.168555975919787215e+00
3.723088500207111906e+00
2.515314966973718924e+00
-8.447693811870209402e-01
-2.999589007244608752e+00
-9.435320015980011021e-01
-1.360895888056887770e+00
1.180354091338671196e-01
3.432818852045386393e+00
-1.933552720796924973e+00
1.086734196978227374e+00
1.004529031951705065e+00
-3.754790016023108024e+00
5.859474387976959520e+00
-3.875119051664199787e-01
6.190620096779895221e-01
-1.425985002675091096e+00
-1.823353545649638363e+00
-3.503684678675767827e+00
6.583968891220948194e+00
-3.264261326359161330e-01
7.469432189215012841e-01
-3.802238411390462147e+00
5.607863755373188042e-01
-4.944507904425663014e+00
4.105705262496272212e+00
8.533410327137431750e-01
-1.368616265935315823e+00
1.015710465433329546e+00
-2.870126970946714096e+00
-1.979848430005446858e+00
3.165169061728477118e+00
7.308328387034634943e-01
4.552230486534512011e-01
2.655073782469514754e-01
-2.440440820457112636e+00
-2.598676276749515068e+00
