-4.032600013538822914e-02
-1.712979208380205343e-02
1.404623599920595822e-02
4.340905370970937760e-02
-8.930307999631237337e-03
-1.489907713605709283e-02
1.342120385588452258e-02
5.615282266637033892e-02
-3.887145444684936280e-02
1.910971405559180880e-03
9.891451051022626118e-03
3.589950247608131306e-02
-1.609648528665896805e-02
-4.844718336611597564e-03
1.068943191430582473e-02
2.342973216802923808e-02
-1.374274125297980653e-02
2.017411647350764170e-02
2.602851943690920322e-02
5.350228240544785407e-02
-1.887651181606742057e-02
-8.947123445567362054e-03
2.717224081670832625e-02
1.534578689062837675e-02
-2.484346238171064591e-02
-1.128509391891019398e-02
-6.508542931525251873e-03
2.690901261356670737e-02
-3.627565375302888029e-02
-2.070196995174455878e-02
1.799041696214187525e-02
2.822521737536498598e-02
-3.718500996338613973e-02
-2.221012680338807499e-02
1.650826737325550297e-02
3.435449400771606321e-02
-1.745291608119670101e-02
-5.795493557425590581e-03
4.295147657003672848e-03
2.741657219535653667e-02
-6.105364691175285685e-03
-1.946796539626927114e-04
2.265117087354395764e-02
2.391454953944260886e-02
-3.384666985573714371e-03
6.366398219784796808e-03
-2.778972749012398324e-03
4.812612245348413254e-02
-1.612218570915069371e-02
-5.638286642488665734e-03
4.488817539309186699e-03
3.551379065953663705e-02
-2.198044817830568931e-02
-1.999960151264712493e-02
5.454759308748391433e-03
1.557845098494881064e-02
-3.482041866437723954e-02
1.223199688591791734e-02
3.409888350600276397e-02
3.520931243735225813e-02
-1.786016224518549578e-02
1.460296942516192686e-02
8.210812546068035900e-03
4.557164052403095411e-02
-4.049463508695594349e-02
6.264204117905070035e-03
2.465519028892515507e-02
3.620029919266976037e-02
-1.530786955988006071e-02
-1.422691892201566333e-02
1.586925699420049796e-02
5.307631205358531723e-02
-1.684464126117646288e-02
-1.359219728511718017e-03
-1.009335509259390307e-02
2.566013147705725750e-02
-3.400800114655044837e-02
-6.794105203422162731e-03
-8.473089930793875624e-05
2.722641625891752959e-02
-3.677995235157860421e-02
-1.270540211807147379e-02
-4.912972291553741044e-03
5.871517656057712031e-02
-3.099996573624252960e-03
-5.273374662173591076e-04
-3.840690026897686238e-03
6.467299151906402699e-02
-2.723028655539216913e-02
-3.370812174246395898e-03
2.427616543567800989e-02
4.570782098489822864e-02
-2.633482877468718009e-02
-1.859917383281328718e-02
1.839959409517644140e-02
4.603443783920457832e-02
-1.429977231601431420e-02
4.427224412415498023e-04
3.047738348465944824e-03
4.337000774812382886e-02
-2.407312804968930742e-02
-1.578822203203245067e-02
1.660681017836540541e-02
2.311392884033347528e-02
