-8.722735102376222294e-02
-6.396144532790648540e-02
6.124409711429690262e-03
3.424708154337996469e-02
-8.664052809747802009e-02
-3.994792134870150946e-02
2.889500594953631207e-03
3.346038136880991054e-02
-8.318372463438472586e-02
3.447420032894221720e-03
3.448800395097428861e-03
4.512332105458716214e-02
-1.031916276053854720e-01
-6.625894375665386526e-02
3.409760513834880769e-02
2.398368254362615026e-02
-8.645758613158927020e-02
-5.993955567675213203e-02
-2.146595390847916285e-02
9.277512946728405652e-03
-5.646095791124805530e-02
-3.180528337052312970e-02
-2.615095438974779363e-02
1.407736863981834396e-02
-4.636128539580042229e-02
-1.810885947376106309e-02
-8.868401380478951879e-03
-1.346952320963046290e-03
-3.749060899664313773e-02
-1.608472300403285260e-02
-1.608455640615291671e-02
-1.300934711593937365e-02
-5.571122015541374317e-02
-3.189766912771663243e-02
-2.455086844523601819e-02
9.390381580140827467e-03
-1.142966043948516752e-01
-1.157875092855764620e-02
6.760749910042829214e-03
3.296377059820887467e-02
-7.183178494730002583e-02
-5.638682445195497550e-03
-5.638075167677447652e-03
3.546879263723057285e-02
-5.646081020969773157e-02
-3.180475860206866123e-02
-2.615095361268715557e-02
1.407953650377580246e-02
-4.636112071160880532e-02
-1.810931431585283136e-02
-8.867552450121829466e-03
-1.347022253016749715e-03
-9.365973168705643559e-02
-6.214746457621478370e-02
-2.232945662045926483e-02
4.046276833390183292e-02
-6.806266561894025457e-02
-6.426757437818819696e-02
1.012948925244860909e-02
6.514771896644622196e-02
-6.872104372097220804e-02
-1.629444960888881688e-02
1.879563672345740954e-02
1.879703167886459525e-02
1.103378488556638892e-02
1.103518861248864447e-02
1.605576233301175826e-02
4.458317120884491835e-02
-8.722809908946738133e-02
-6.396155579306950223e-02
6.124672362986860463e-03
3.424761781038476727e-02
-8.663955439415049753e-02
-3.994905695095773979e-02
2.889197508497254319e-03
3.346089818483011236e-02
-8.675056700572292279e-02
-6.578050898970255744e-02
-1.611545392055369064e-02
2.428853525216889686e-02
-4.705270067743327900e-02
-3.494007059014991867e-02
-1.305265730454241435e-02
2.623323568564650543e-04
-9.365987149727739158e-02
-6.214700856698485154e-02
-2.233081822684179762e-02
4.046454871562565891e-02
-6.806230665098733645e-02
-6.426936201501609602e-02
1.012885177314126750e-02
6.514873066174065031e-02
-5.571147428692158066e-02
-3.189646070001495026e-02
-2.455224532449129526e-02
9.390978682020989510e-03
-1.142957478524446735e-01
-1.158122083179868866e-02
6.761320007243609709e-03
3.296513354523722406e-02
-2.133087100846875472e-02
-7.939191046848037558e-03
-7.938296116127174784e-03
4.724339807522359713e-02
-8.675197801802814190e-02
-6.577990116098497708e-02
-1.611756024860611092e-02
2.428710962807434370e-02
-4.705411424369221329e-02
-3.494019222889366283e-02
-1.305318465393345839e-02
2.626205008984250355e-04
-1.031922786599139830e-01
-6.625885017358612572e-02
3.409783613904160404e-02
2.398414353801681109e-02
-8.645739784184058863e-02
-5.993892013776691563e-02
-2.146716943051174553e-02
9.277624250792149141e-03
3.856626909818805515e-03
3.856934475112705485e-03
4.278664994123992926e-03
1.311560607324335770e-02
-2.888721142939298936e-02
-2.888712851293906425e-02
-7.771262428939440525e-04
2.941038347980695633e-02
