-6.081875557548926281e+00
5.216829782729419662e+00
8.796614730707403851e-01
2.412212649779448270e+00
-1.429958263739479207e+00
-9.144115316205301269e-01
-8.345016448661553454e+00
4.531153172768284776e+00
3.821880528186341053e+00
4.050129704603904202e-01
1.318628966069226749e+00
-1.665633250367605456e+00
-4.467505081069148787e+00
-4.467818870019797828e+00
7.174692325744032928e+00
2.792800514259965894e+00
-5.425298189545628702e-01
-5.426561658892126161e-01
-5.690218287752600190e+00
1.838764528187084579e-01
6.255262069713992901e+00
-1.642739661173067134e-01
2.052508400561421809e+00
-2.458789859853311555e+00
-6.250964307024915456e+00
9.943815753931446011e+00
1.747918035449586682e+00
-1.579913006507641171e+01
7.722422698901382887e+00
1.580527254419379801e+00
-2.591944411576491802e+00
2.274688623862587633e+00
8.045880443124815429e-01
-3.965155716290539090e+00
9.215232638330519421e-01
2.392959242514550056e+00
-1.217972782597641412e+00
1.652499881473275423e+00
1.635950002874295706e+00
-5.296687525681420539e-01
1.383008155162386288e+00
-2.819851695191189833e+00
3.429204997998567706e+00
3.429494694716851200e+00
-1.779563186887710913e+01
-1.068326484703234769e+00
5.403209350534126543e+00
5.403322290318897103e+00
2.194997286273277837e+00
-2.610541573401519599e+00
2.795261836162126201e-01
-3.650535060165424284e+00
1.629377755946862294e+00
2.054346074626224095e+00
-6.340511041948033721e+00
-5.168284434389363469e+00
7.173068253211880574e+00
4.504978962983983592e+00
-1.274001536330800377e+00
8.982804873259908618e-01
-4.786472835945843940e+00
-4.786542342273222062e+00
4.022214693850131084e+00
3.750736527340663429e+00
6.937692798629342406e-01
6.934806616762330123e-01
-2.591805203124621926e+00
2.274503305524106622e+00
8.044395731335782784e-01
-3.965375300088837207e+00
9.217365232707663836e-01
2.393156080363013416e+00
-1.218077024952236798e+00
1.652537041300831788e+00
1.636112027258107560e+00
-5.295539931435513381e-01
1.383128733694533707e+00
-2.820173195857563542e+00
-1.571625990322218058e+00
-4.639870514069329488e+00
6.115654966439535656e+00
8.039832118653748694e+00
-8.439997894974069936e+00
8.631790344121839098e-01
-9.316072704881079858e+00
6.097649417078770284e+00
3.971818938554193323e+00
2.568442790377730489e+00
1.235928779789574605e+00
-4.193942611258833608e+00
-7.689707058958873631e+00
2.451464560073162602e+00
2.452063433431831641e+00
2.749118706711385585e+00
2.749085576074250525e+00
-2.696621582386384830e+00
1.794124796516598508e-01
3.132395820553924182e+00
-2.325522387479921349e+00
3.132814259420854341e+00
-2.325083364814830134e+00
-2.490236911402192277e+00
-6.081968524453571945e+00
5.216839773201627395e+00
8.795345404675742884e-01
2.412244482236232557e+00
-1.429977080499412523e+00
-9.142243085120469459e-01
-8.344909694907727271e+00
4.531398558284493561e+00
3.821990743061832063e+00
4.049295401938479699e-01
1.318401516600502532e+00
-1.665789246327932460e+00
-5.469933694646428535e+00
-1.510866164670673584e+00
4.159657830587846661e+00
5.444205589540018764e-01
3.272947545295608052e+00
-1.191765127081993114e+00
2.057677165351563531e+00
-2.812330246656188137e+00
5.648178944547197489e-01
-1.128998495314732509e-01
3.058084182286791020e-02
9.164681752896797207e-02
-1.571586523765930110e+00
-4.639668385049247945e+00
6.115430252645680298e+00
8.040052507744604782e+00
-8.440010685336844176e+00
8.629535391135050304e-01
-9.315850021014185245e+00
6.097502309524614361e+00
3.972072421599293079e+00
2.568092885718527896e+00
1.235758909739075762e+00
-4.193795570430324915e+00
2.195147053645811752e+00
-2.610700994155152443e+00
2.796168021233427226e-01
-3.650022640559996034e+00
1.629407488972205442e+00
2.053719135280971386e+00
-6.340563148259576565e+00
-5.168574374842762609e+00
7.173467135071163625e+00
4.504674351112328168e+00
-1.273967512241014788e+00
8.984678296439057021e-01
3.324271553050976991e-01
3.322549270431665036e-01
-1.815767504705803503e+00
-2.354929834799435184e-01
6.636828218224337661e-01
6.635966847955074854e-01
-5.470223286114901384e+00
-1.510950495011002204e+00
4.159491743846970735e+00
5.444229792132375678e-01
3.272979562307256174e+00
-1.191303744423336752e+00
2.057427377330412810e+00
-2.812274384953767026e+00
5.648228132580754846e-01
-1.124773161411951605e-01
3.044850882832861316e-02
9.157802253568547712e-02
-5.690288880692889961e+00
1.836973761917590764e-01
6.255209195975609759e+00
-1.639172462650435591e-01
2.052381368324546429e+00
-2.458699970150348690e+00
-6.250970815646795131e+00
9.944116617006031333e+00
1.747461740992292789e+00
-1.579941564965470491e+01
7.722807104552316559e+00
1.580684960031945252e+00
1.691959447414745910e-01
4.487140680644756685e-01
-2.191483091803974048e-01
4.484603347218723002e-01
-2.192211987694889785e-01
-6.902681533382093448e-01
1.820611425759778967e+00
-4.652290164614925061e-01
-1.642689564536254920e-01
-4.648699391268991121e-01
-1.643569332677117245e-01
-6.321466972308087406e-01
