-6.062325260104344693e+00
4.670435988698301344e+00
-2.190326496053245364e-01
-1.204003748468920776e+00
4.952861369987900275e+00
-2.045835251514020570e+00
-2.700048187860801363e+00
-5.896101514561919998e+00
5.267630479416396838e+00
1.698806177745154855e+00
-1.240753560859033655e+00
2.599402376274440485e+00
-6.627014058408434494e+00
-4.158415142377620555e+00
3.059361218244220026e+00
1.078432501909432517e+00
5.904868236395415693e+00
5.470229627555198704e-01
-7.087478756575109173e+00
5.772398903203878717e+00
2.662893417787401518e+00
-6.912439775151000276e-01
3.716179747261676880e+00
-4.054078856324736080e+00
-5.199749520847618101e+00
3.576701063909695222e-01
1.630067811544080314e+00
-9.138582627819005211e-01
-9.627957263340931604e-01
4.270979901433790360e+00
-3.322950311283179303e+00
-2.800995362312377779e+00
8.215983150623344500e+00
-4.478072148443402511e+00
6.532575332736030305e-01
1.078363394717896995e+00
-3.091879142355182353e+00
-5.919536524260365695e+00
3.014686368995029397e+00
7.117461500483358350e+00
-4.860827826540401020e+00
3.871076164949016629e+00
1.046711939141798098e+01
-1.535670766130178322e+01
7.221311445136137763e+00
5.229805481962799263e+00
-1.042532376067664757e+01
3.980164635290165620e+00
3.386608024403102490e+00
2.684014591308425679e-02
-1.017897349982114008e+01
4.169707440972231893e+00
5.484527159626111370e-01
8.626732107477863565e-01
4.017283612275974747e+00
3.639984570180772039e+00
1.007846791728354674e+00
-9.481315320308198125e+00
-1.196090145555359641e+00
1.949435558540230318e+00
6.154946286143143652e+00
-1.169537018265137363e+01
7.573582652934689463e+00
3.735974906187692568e+00
-9.574694076635182682e+00
4.476944321061992582e+00
9.776309681557933118e-01
2.531222009511751025e+00
-5.042634041418153856e+00
-2.227608155905699050e+00
2.121194091054391606e+00
1.646525472773831211e+00
-6.433634635597940132e-01
-3.417069033936527944e+00
2.780862456641131075e+00
6.543154904477077594e+00
-6.620573498962130543e+00
1.456848106368028084e+00
-6.592399009527994735e+00
3.378322302679450218e+00
3.047638392941180996e+00
7.931731182331702712e-01
2.368855637604141862e+00
-2.822649547605777798e+00
7.048933401608096005e+00
5.607613511732012057e+00
-5.592782486545658571e+00
-1.787465299131834229e+01
4.866844247260701195e+00
6.103444022591588691e+00
4.242639096571664936e+00
3.980144834850037228e+00
-6.420208036618930691e+00
-5.463753489698632393e+00
1.725959947084689361e+00
2.286756769260307465e+00
3.909196719193190006e+00
4.168339486760316959e+00
-2.330405184290299303e+00
-2.228220721733677578e+00
-3.830533584370044764e+00
2.802863114708458170e-01
-1.127353438963339727e+00
5.276019099045896610e+00
1.269504060127843559e+00
-1.883574602553551358e+00
1.355367470478142877e+00
-4.693718963282009327e+00
-2.371657328014833865e+00
9.816667169370589363e+00
-4.028839492664218369e+00
-5.911314822722218310e+00
3.198478929130757820e+00
-3.458198915410974905e-01
-6.112298505581307495e+00
-6.690229189109203389e+00
4.598681260242088342e+00
1.007274748196817882e+01
1.695557515763056244e+00
-3.397260992044266459e+00
-8.106931570876554360e+00
8.521960958094467742e-01
3.499173862894906506e-01
9.141333554924798932e+00
4.952733381275365332e+00
-7.187338912350583087e+00
-2.933734945275148220e-01
-5.217438798533393651e+00
6.066066291216742457e+00
-4.636887909881892256e+00
-5.865356579306961748e-01
3.832261304707060390e+00
-1.282390117435895149e+00
8.453995625559684868e-02
2.953856264804699094e+00
6.397619814736259514e+00
-9.761803814749114849e+00
1.482599112037917166e+00
-9.641565399340677800e+00
-7.631486085229795435e+00
-1.299974643388165418e+01
1.264221643100394488e+01
-1.084247362738679499e+00
1.020603209798724720e+01
-7.355465712951328783e+00
-1.358720101314531803e+00
2.405902608753862637e+00
8.247497354450061380e+00
4.791374052588452059e+00
-6.553970226996170823e+00
-1.059949961797073570e+01
1.141756257962686050e+01
9.664964763197829711e+00
-1.624210348398884207e+01
1.193778384589307962e+01
-8.336208794571064118e+00
