-9.257989341433603414e-02
-5.522377762941954593e-02
-3.051845322061685906e-02
2.096962099699117843e-03
-1.744107658787890092e-01
-1.870827810393094204e-02
-8.189680611478733496e-03
5.609908470066549135e-02
-1.743382590720303771e-01
-1.417970181430692200e-01
-1.175180082564415418e-01
3.386730025774076225e-02
-1.246298542672943377e-01
-9.254516109600818830e-02
-9.356216771632785978e-03
-1.981950971037260700e-03
-5.194173813155633646e-02
-2.912616604485451788e-02
9.496619479649748286e-04
6.727351661808711469e-03
-1.634421051295786853e-01
-6.457262186938073079e-02
-5.442274168632299514e-02
5.717905592184258090e-02
-1.760594983573569028e-01
-7.492696034703971719e-02
-5.911861032426868334e-02
-6.537791887647803613e-02
-1.174190059978907907e-01
-2.493414747241184948e-02
-2.052013794314477835e-02
-2.653917216417345237e-02
-1.674331595475895273e-01
-6.840005412050120803e-02
-5.803847484085378206e-02
8.583889834485725068e-02
-8.819819892300917452e-02
-6.133902971718674380e-02
-4.349798650868130778e-02
-8.390129766575160630e-03
-4.570118386566890401e-02
-4.476475280427605341e-02
-5.152414586786591144e-02
-1.902336149023042822e-02
-1.391514540131932876e-01
-5.715284209943050087e-02
-4.043593029758896229e-02
3.658299912136731002e-02
-8.475725088969876531e-02
-5.351297544994326749e-02
-3.876572009389711582e-02
3.730653557969154654e-02
-1.086974731045020626e-01
-6.905601719139142780e-02
-4.729585122511759110e-03
1.627122716628570664e-02
-8.279010292379118674e-02
-8.737929374266495408e-02
-3.726121956430139548e-02
-3.522391725901230508e-02
-1.151647946654519306e-01
-6.104535773230779228e-02
-2.360497397054794888e-02
6.077669998930668172e-03
-8.194030420736919673e-02
-2.484637835483716195e-02
-1.750662962377558252e-02
-7.694905593735867910e-03
-7.749734687643505815e-02
-5.668364800285030647e-02
-3.932277636655467923e-02
-1.658857758540133176e-02
-1.371821798578067853e-01
-4.256203037566508307e-02
-2.818337242938007137e-02
2.622016435457119599e-03
-1.846769297159718271e-01
-8.550464313399164240e-02
-6.721679278704639771e-02
-3.607030401067135017e-03
-1.215596185461218504e-01
-7.509498912997636388e-02
-2.738958173525807283e-02
1.272426472816023946e-02
-9.649511104292307628e-02
-5.891528298616588444e-02
-4.990842609539525299e-03
2.265595035889411690e-03
-7.300164447381796151e-02
-4.535227807220154617e-02
-7.246547456195795434e-03
7.373361422340996008e-02
-6.301007180422524279e-02
-1.157328220182729517e-02
-1.580704985735703616e-03
8.236579605345339949e-02
-2.016280261151799369e-01
-5.390308655243192248e-02
-4.975683891933013747e-02
1.742228335335349598e-02
-8.680885963564555219e-02
-8.535086611377518118e-02
-7.165042532506427087e-02
-5.059147973768673978e-02
