-1.620597271835706454e-01
-8.403876049010583493e-02
-3.552003724379737548e-02
3.158048966242166244e-03
-1.479479427338574737e-01
-1.129844124054422139e-01
-1.467446044448283970e-02
1.696992658048523950e-02
-1.727906426498853065e-01
-1.180380902591460224e-01
-8.961541258987293368e-02
-2.615996703425316205e-02
-1.465331562462650616e-01
-9.647815392686021063e-02
-8.643819526404250553e-03
4.487977386611907704e-02
-9.366138077980057375e-02
-8.332189407094303668e-02
-8.031425749064569075e-02
-8.338878627673973476e-02
-1.548949344863941313e-01
-1.380117210029727648e-01
-5.301957212072805348e-02
4.457018763942910411e-02
-1.049924804418413959e-01
-8.849276273393069658e-02
-7.086415970558679334e-02
-4.195714589015464568e-02
-1.221247758043844112e-01
-1.324328916539927459e-01
-7.120721616881886540e-02
-6.447153510232039864e-02
-1.697490849816565284e-01
-9.891559481307155011e-02
-5.891251747372661107e-02
1.025032234951117616e-02
-1.265870870528222891e-01
-1.204092589306446914e-01
-9.269351909805312317e-02
9.182800456708717363e-02
-1.715158313176763372e-01
-9.622540259992562461e-02
1.531396956763275696e-02
2.522063387824013958e-02
-1.421862852669821820e-01
-1.150281367034851066e-01
-9.167704058475645290e-02
2.557846715341094423e-02
-1.406750947582369182e-01
-1.122934569838953678e-01
-4.150442414540700398e-02
-1.514393301872529740e-02
-2.018327619713784493e-01
-1.345800112863351217e-01
-1.888068264305453603e-02
5.362499202718584712e-02
-1.948368614729973913e-01
-1.153208386265407448e-01
-4.756221665050452962e-02
-5.032329275326041795e-03
-1.176871903224161464e-01
-1.123198950102193283e-01
-7.046514945163284693e-02
2.597557524200633239e-02
-1.523180150794651855e-01
-8.890822122826702589e-02
3.453941803717475167e-02
6.779360396045186476e-02
-9.456635230718668517e-02
-1.068080685832784038e-01
-2.104020830683728249e-02
7.403550297867322882e-03
-1.599594693544970081e-01
-1.716304070518397396e-01
-7.035781952190234279e-02
-1.609859698387294813e-02
-1.731401722454239955e-01
-1.106387693027908181e-01
-8.860536084585035610e-02
1.248882235848913780e-02
-1.642876438603950717e-01
-1.153670102438102418e-01
-6.560555133006795714e-02
9.904676299128700734e-02
-1.733788759499697019e-01
-1.773836852062966596e-01
-8.776459364363553561e-02
4.160999301166201647e-02
-1.620479370834244648e-01
-1.429591700382826236e-01
-1.165263226006809649e-01
8.117822473690372576e-02
