-8.666057098418775695e+00
9.044361204717986880e+00
-4.917291248214993971e+00
1.468276122248283855e+00
9.965009092828296389e-01
1.317729059438036643e+00
4.264190101278430234e+00
-3.432061497303507736e+00
1.901019787915998904e+00
5.100310606583775552e+00
-1.088753840946012019e+01
3.331177068625379434e+00
-2.194578311835712725e+00
-8.041218026479000969e+00
7.619847306650996188e+00
8.673260749254339430e+00
-8.273092778152317806e-01
-5.090261615399811035e+00
-5.144922521336098953e+00
7.577298414323820452e+00
7.341930120582418340e-01
-9.469669384565122527e-01
7.457087004852667178e-01
-3.071346821385645853e+00
-5.294976183812210024e+00
-8.231073577514266049e+00
5.781471139715193885e+00
7.688469549145921178e+00
3.686423318179052444e+00
-3.583737821728476547e+00
-5.312745954604608301e+00
-3.971584316165220230e+00
4.463235241711032586e+00
9.543139156447011828e+00
-5.429861379453015502e+00
1.174642380876193215e+00
-8.735503352189326165e+00
-3.611001965777091982e-01
3.517167005218894360e+00
-4.133593846012786344e-01
2.634886428589837237e+00
2.520572668200202315e+00
3.172197729822144652e+00
-8.745685868090617987e-01
-6.563505492389211327e+00
-9.403817815706176475e+00
1.161277875259122538e+01
2.137794492432760762e+00
-1.100135828181527131e+01
1.360845157870751621e+01
-2.881673282970069749e+00
5.316833548443270274e+00
-2.707212283674479636e+00
-2.866181092904497518e+00
-5.684481198597694629e+00
-1.636416684423949164e-01
5.666379792400647375e+00
4.786448936307991175e+00
1.666594841234896762e+00
-5.991049723667401850e+00
-8.892518689952481736e+00
-2.275998521867691693e+00
-2.644401429869247977e+00
4.298049151047010241e+00
5.310718271421620784e+00
2.255449284621064976e+00
-8.243794260455572953e+00
6.970795160529476675e+00
4.741467454802688053e-01
1.137943194044169104e+00
4.105224263331905377e+00
-3.967879257918852431e+00
-5.899218742975918417e+00
4.928109679922414443e-01
1.057421130804812037e+00
-1.624901281441850642e-01
7.297091512925533152e+00
-2.946237097804953464e+00
-3.119269227567443181e+00
7.182286629080749663e+00
-9.157996942528527029e+00
-4.701312401718624301e+00
7.835519758754386999e+00
2.112471330157390526e+00
-9.123036782586382287e-01
1.078905227261051891e+01
-1.128615805421860330e+01
-7.951502197110158932e+00
4.140126801459487638e+00
6.046463132998084689e+00
-1.882535844379489731e+00
-3.946851841339338307e+00
8.521962320405464197e+00
3.847902892483375581e+00
1.122381555230518302e+00
-8.146147872254829281e+00
-4.558753744846598011e+00
2.288645634190203282e+00
3.724059158257546187e+00
4.007109239545769697e-01
4.790199045241607223e+00
-6.674863919834692183e+00
-8.095787940970964769e+00
-1.087387918186919933e+00
3.598612564813933545e+00
-3.859746644700550178e+00
3.534064525912825161e+00
4.532582751422808087e+00
-1.005067210688963542e-01
1.938393160978677088e+00
-1.167875621462523839e+01
-1.275530319555940650e+00
4.093550042512035247e+00
6.777522915491474009e+00
2.855381311998200999e+00
-1.028367323120815513e+01
3.289347950037623036e+00
9.784248676009397627e+00
-1.165118254711254053e+01
6.562281774575097870e+00
-7.012182310948361419e+00
3.998723206310387468e+00
2.682220957428000929e+00
3.444233945275243514e-02
3.465623317518563340e+00
-2.982304680131875330e+00
1.518723534961551991e+00
-2.979029471391115180e+00
-5.779554473308792240e-01
2.722291345390601691e-01
-6.969781278487133136e+00
8.481556537661745665e+00
-1.333631270016326198e+00
-7.642576900508416315e+00
7.211481150985676436e+00
-1.033509487754412248e+01
2.880825072818595345e+00
7.018807677339637507e+00
