-1.589017889497035263e-02
9.424561047809643100e-03
9.537591391345801028e-03
1.481109034109917566e-02
-1.362828709227881241e-02
5.017305620423240242e-03
1.760015613691701120e-02
8.250108595980076842e-03
-2.364344636824777801e-02
-1.656999813169313107e-02
-1.563439676726585681e-02
6.673032507741516461e-02
-2.312141430574410350e-02
-6.528830784875205850e-03
2.963934128733969331e-03
3.235461548058560233e-02
-3.146659301274112863e-02
-1.541560858916479759e-02
9.321866038318304959e-03
3.789188786772412776e-02
-2.243687560784990431e-02
5.492475644237604371e-04
9.795138227658650720e-03
1.432838286216453483e-02
-2.915304372888760653e-02
-8.922968785831431049e-03
1.957027099783115176e-02
5.329874961602842909e-02
-2.822505109299799919e-02
-2.298010306724718177e-02
3.266461395509234755e-02
5.166232065465914403e-02
-3.341908200286880515e-02
-2.289666102853482599e-02
8.659665705878838438e-03
1.450068760985723237e-02
-2.815238664595143270e-02
-6.525892904797547800e-03
6.353388254799030577e-03
8.785021917502966460e-03
-2.398624698804141531e-02
-1.609115901197011311e-02
3.612237639580229143e-02
5.040516463410793513e-02
-2.521704684423031750e-03
-1.339538438202203530e-02
4.922720770268451673e-04
5.601678657451980570e-03
-4.208642915761862113e-02
-2.091190892182814842e-02
2.509296971806240784e-02
3.411127437508509885e-02
-4.413939845577208310e-02
1.784641728521885184e-03
2.597957988181076594e-02
6.690153969143008972e-02
-1.505957959030701510e-02
-1.348877983644825029e-02
-1.591816359335140874e-03
2.442481746012914456e-02
-3.463308964577982429e-02
7.123377653269535870e-03
2.743989194682261434e-02
7.292393137717168017e-02
-3.866986890201351557e-02
2.230929830151273663e-03
5.649165740615469389e-03
1.726972739269139190e-02
-1.538320119463243429e-02
-9.916303620705724242e-03
-1.397710152242481740e-02
7.306270797882152834e-03
-3.947222032922259594e-02
-2.666601337149154816e-02
2.182526036352427923e-02
4.162659147969005602e-02
-1.279754316270542702e-02
-1.695661359483291442e-02
2.063049887827572704e-03
2.091883506885983124e-02
-1.934889448624876884e-02
-4.575633223466990529e-03
-1.646533178189413249e-03
1.973711606222461334e-02
-3.683710403919482346e-02
-2.315296354052609473e-02
3.156865047070578356e-02
5.121621631482797810e-02
-3.989456792629897386e-02
-6.315951239082684410e-03
1.208669143849716576e-02
1.164578411125383184e-01
-2.165820555346198439e-02
-4.578042624185707510e-03
1.975329596997421611e-02
3.526921789184500611e-02
-1.565219458317779200e-02
-9.779684990175230297e-03
-9.420532796579950130e-03
1.751498465910206193e-02
-2.659540255181025437e-02
-1.324174592491189628e-02
4.500492623216878485e-02
6.030371303254833393e-02
-4.334502214988278368e-02
-4.517522707575549745e-03
1.750640412721105044e-02
4.336120928433895294e-02
-2.341168291203232776e-02
-1.197917605373599592e-02
1.736258323281658633e-02
3.299446033749697804e-02
