3.838145511637904406e+00
8.809326537721915429e-01
-5.129621795042567101e-01
-5.094618558939600916e-01
-2.377702685521001058e+00
-1.731282675314147923e+00
1.451427996465312731e+00
5.108549814995768656e-01
4.838045426299402152e-01
-6.100858208484964962e-01
-7.918878041739105811e-01
-1.157145864606022201e+00
3.238798635619232869e+00
6.474183367681689560e-01
2.122070625156794677e+00
1.232281596820996583e+00
-4.315500439870419314e+00
-3.235192928876344354e+00
1.547967700591314610e+00
3.004476439828351886e-01
8.011262176846685179e-01
-6.540242764707215883e-01
4.118855030231571845e-01
-2.642984121921145402e+00
2.707191070321229631e+00
-3.282759468854123952e-01
1.130259005397249439e-02
1.621677115807656833e+00
-2.002929521657947021e+00
-2.363353376365253666e+00
1.219833883312418266e+00
-3.808892245089623430e-02
6.694885075685590436e-01
3.592936916324021013e+00
-3.028347714524741718e+00
-2.423872827336467140e+00
5.326203923739853963e-01
5.215954972786249755e+00
2.621977672571418339e+00
-1.020305551673246214e+00
-2.145797246846754547e+00
-5.699904133034053189e+00
3.088483528520114874e+00
3.100165050296411096e+00
-8.574076897118629859e-01
6.674741317397661078e-01
-2.151934076792713313e+00
-4.679792784450185650e+00
3.561705901185675316e+00
-1.049913187225214983e+00
-3.997037985778888469e-01
1.613971945783831075e+00
-1.677122822353339870e+00
-2.449041060070499043e+00
-5.555013961546251267e-01
3.888147848804464957e+00
4.016647147415426389e-01
-1.773979488485835532e+00
-1.688340514047723673e-01
-1.981023503906911287e+00
2.405172456162674166e+00
4.005020147588453483e+00
1.933359235169973545e-02
-7.724846104778322342e-01
-7.247003142131660525e-01
-5.615264259607656072e+00
1.036808935293265677e+00
-3.410877151033133714e-01
-3.437806306539172851e+00
1.818429348352239572e+00
1.188164801960425621e+00
-2.135905877183006396e-01
2.904939816988061807e+00
2.178829990200384259e+00
1.903279758826130319e+00
-2.309371203135384576e+00
3.604441398741471403e-01
-5.086439423256550185e+00
3.915528190464371505e+00
3.098229987702552535e+00
3.673285973420831851e+00
-2.797830065908414099e+00
-2.583235999111622050e+00
-6.310151859557322496e+00
3.011704921800728130e+00
1.174823232883142055e+00
-1.895673351451321764e+00
7.534818165161141224e-01
-1.743958460420955703e+00
-1.760805648059005080e+00
3.988067708801693811e+00
2.173511149891780292e+00
2.077151567541591248e+00
-1.189277049268653741e+00
-1.618325052289264931e+00
-5.574322372666756564e+00
1.957947366206482798e+00
1.338242294363112705e+00
1.351143799730877504e+00
5.520098879696746508e-01
-2.813180650082770740e+00
-2.768144893957114050e+00
2.023063509201691090e+00
9.692619886541393726e-01
-6.641830878294285867e-03
5.626751414581292465e-01
-3.113917059917355346e+00
-4.737634482836057259e-01
4.508102564327316486e+00
2.395630904886957069e+00
1.298953465289528708e+00
-1.535112363418662085e+00
-1.913602794626811487e+00
-5.195122180424334601e+00
1.240878537066549825e+00
1.795436063527617421e+00
7.518183586354894032e-01
-6.552531742648710633e-01
-6.048362752858054137e-01
-2.617339470153879688e+00
2.132965607112680573e+00
-1.044162325018490378e+00
4.803097672592144818e-01
4.438268594488619101e-01
-1.289913807831197801e+00
-8.306257360309814430e-01
3.762597621257455671e+00
3.565282920680132861e+00
4.850384369299405307e-01
-3.058690352125836398e+00
-9.511780140926333615e-01
-3.833041116711839891e+00
2.845328048436698509e+00
6.233186695415142253e+00
-3.228506203833234167e+00
1.235033977785107595e+00
-3.384080951450329167e+00
-4.310353537619448616e+00
1.276434684427769639e+00
2.769849377722593431e+00
3.445899312402929127e-01
-1.028547803189809429e+00
-1.387483812774064518e+00
-2.272443143531191367e+00
2.025141460496840295e+00
-6.557762608300095053e-01
-7.722596288840861689e-01
2.218005079876107288e+00
-2.088184802915904470e+00
-1.003030129971747897e+00
4.299899451188650801e+00
3.384313135908143977e+00
-6.818053225197218126e-01
-1.279653774384215126e+00
-9.081898617110653049e-01
-5.159797615404357884e+00
3.311029403954762529e+00
2.469395153730829406e+00
-1.136445280782538703e+00
3.444415907373127084e+00
-3.842849823165622070e+00
-5.517814594676721640e+00
8.352098776245355793e-01
1.591890070758680054e+00
2.484229548420543665e+00
-4.547257671222695308e-01
-9.581511160649824888e-01
-3.650895251350576132e+00
