9.610519051749122355e-01
2.779335134937355178e-01
-4.256952249625385321e-01
5.545680801661916348e-01
-6.787736937738770848e-01
-8.066126553226524720e-01
1.643809549111537649e+00
1.203706516366509049e+00
-9.247145097939295511e-01
2.763827981047626281e-01
-1.133797310350161069e+00
-1.307947163707396498e+00
1.587509074094711536e+00
3.646132693594381635e-01
-1.928449973704047693e+00
4.552956181862839458e-01
3.514333610399944519e-02
-4.560295353670369423e-01
-2.377564852932422923e+00
2.016383839564184655e+00
2.013070491718210064e+00
8.001654340181119096e-02
-6.101498635088091760e-01
-1.134113174799793455e+00
-1.590442351224083950e-01
1.273522000721968084e+00
-4.088350668835587953e+00
8.213772125253484546e-01
1.171752544032941046e+00
7.931513035484556440e-01
2.285480206049768981e+00
2.851546467834253917e-01
-1.198618645989739662e+00
1.091527682046447012e+00
-1.358500719596904105e+00
-1.405866367122243332e+00
-2.582452899414136027e-01
1.666990437729012342e+00
-2.865352101738125157e+00
1.950316410136764489e+00
-4.051623903225589629e-01
-4.325125801747731202e-02
-3.823017972792484898e+00
1.776914413943188720e+00
2.097635276603284638e-01
1.696740576396194911e+00
4.324044930348662774e-01
-3.070427656548702089e-01
2.129247227334587933e+00
5.758541838356592280e-01
-1.713127266945122074e+00
-4.049067193020334798e-01
3.424126188153024941e-01
-1.010259805778986220e+00
-4.524180318540942380e-01
-1.166343980339661357e-01
3.130538288372690658e-01
4.851702947936047394e-01
-1.294170335847155684e-01
-1.035412690417558679e-01
-6.148177032978452417e+00
3.135275433919886723e+00
2.532290462014074706e+00
6.057947746869842831e-01
7.049409180406627229e-01
-7.811263776252133084e-01
1.637338999925560756e+00
1.048708462971603694e-02
7.512138053676977734e-01
2.789184367331785097e-01
-1.663103232785488217e+00
-1.092018171708247110e+00
-6.326238410780149479e-02
5.023611041377336051e-01
-3.276250009574255273e-01
1.155170600807764458e-02
1.577605837206732531e-01
-2.758883152102242775e-01
3.956166692541287944e+00
-1.377386505454367693e+00
-1.456716914484189829e+00
-7.293105625699780603e-01
-1.931208538915001327e-01
-1.949891371549767882e-01
4.968086121699556656e+00
-6.355691860929226777e-01
-4.581361796024907562e-01
-1.941582940930004497e+00
-5.621740330571753930e-01
-1.677136568310601206e+00
2.637912402088474551e+00
-3.286355192035287587e+00
2.108870992011972589e+00
-4.997615622782092260e-01
-3.600473273966713350e-01
-9.538129613041519406e-01
-1.448265206153706686e+00
5.011884711847898188e-01
1.551832652645444455e+00
-8.322712816132025182e-01
-1.472092975643477075e+00
1.425981450280559670e+00
2.067239959309901565e+00
2.186422186370151621e-01
-3.147054235265486000e+00
1.073283299862680451e+00
-8.696490014081348363e-02
-7.201606666740190121e-02
-2.558412857264812601e+00
2.565094738143514519e+00
1.382718895647627733e+00
4.766126445467762096e-01
-9.298807833260127609e-01
-1.001497671128035449e+00
3.359991016922563745e+00
-2.635844500246079747e+00
1.998969033501154513e+00
8.048734729511863861e-01
-2.866390389375311543e+00
-8.111440176838868865e-01
4.133102543709981092e-01
1.019947661035416786e+00
-1.292848822008849652e+00
8.313112772018627084e-01
9.876428264418279923e-02
-1.093778938469796458e+00
5.152869998550485775e+00
-6.823282758801525461e-01
-1.241725961696289460e+00
7.714159850481649983e-01
-3.549796245711590359e+00
-4.376533691717980901e-01
1.834064355375687683e+00
6.256258999746933114e-01
-1.717539752766668926e+00
-8.873412794500268319e-03
2.932825982591680258e-01
-1.092635054320382437e+00
-7.157076703497864401e-01
3.895724176260273452e-02
-1.398747826994934940e-01
3.860072252761028722e-01
1.669528154077823956e-01
2.191249799066383730e-01
4.668200539374112168e-01
-6.980869260270878840e-01
3.609694135809121462e+00
7.426382841193372997e-01
-2.616484161427749200e+00
-1.370089982266591733e+00
-1.725901462262953601e+00
3.094847053465201725e+00
1.500950258605939780e-01
2.243818334641829892e+00
-1.332892440461932893e+00
-2.700445377123315893e+00
3.307260810713714250e+00
2.845631812651078008e+00
-2.392783429721703214e+00
-5.957287074377575209e-01
8.310204513787056158e-01
-4.602240692093587882e+00
1.941996463533584460e+00
-1.574163792437758502e+00
2.404963764462451081e+00
-1.051984769022283217e+00
9.543054287490377874e-01
-3.189046575362297631e+00
1.206348316413865973e+00
3.762899101666761226e-01
-1.216682090745422329e+00
4.344246898208012908e-01
-2.231674323381440672e-01
-5.358577009011327164e-01
-8.080107775022469241e-01
-6.246404949258419492e-01
3.534380957041577176e+00
-3.651676022219874085e-02
-6.807991411655223146e-01
-1.341129567953998958e+00
1.196108829441214993e+00
8.205050577505090814e-01
-1.120610909863245297e+00
8.037511533994035062e-01
-1.114143735575026994e+00
-5.895104012953709116e-01
3.437436925742076710e+00
-2.053908150641078123e+00
8.689715918519880233e-01
1.503604226485791173e+00
-3.477032458243641599e+00
-1.734303066643008151e-01
