-1.267959854950273524e-02
-5.204167674878412697e-03
3.902143403490487827e-03
-6.590865384599187138e-03
-1.603433883827221074e-02
-1.303792938129233470e-02
-1.397586121471450227e-03
2.118017067151312105e-03
-2.021143447980411345e-02
-1.308961883134340809e-02
-6.054038053155963439e-04
7.321798825951741918e-03
-5.752838695622286558e-02
-1.363559604870712150e-02
1.297901983859417463e-02
4.492692038244872066e-03
-2.327509603759869705e-02
-1.330841358291667831e-02
-8.655120014142037022e-03
1.164179714487900696e-02
-2.625084139535482919e-02
-6.725190885521703521e-03
-1.278447465907106562e-03
-7.113979957467320148e-03
-1.325113350311979410e-02
-9.093603138082828607e-03
-1.730002451510848083e-02
1.924805978751975566e-02
-2.196960079177223690e-02
-9.324743126391421555e-03
-7.760308684189087813e-03
4.256282897940888432e-03
-2.304854303919934289e-02
-5.861041747836193139e-03
-8.681952689722827188e-03
4.258688591098902521e-03
-1.028963011431671681e-02
-2.075973712923429026e-02
-2.072076923627985678e-03
6.401222936025519061e-03
-6.733958973547027327e-02
-1.128196269882986158e-02
8.120772494348837967e-03
1.117983775933617530e-02
-1.361486641849563028e-02
-1.149108957651190366e-02
-9.919975863212693312e-03
5.324588307483280047e-03
-1.117020948490288212e-02
-1.587953366467043104e-02
2.875880016057763555e-03
3.767030794542547412e-03
-5.388331702067028495e-02
7.604217172819671688e-03
1.061136162466436161e-02
1.388692447514694450e-02
-5.994687162648837386e-02
-3.880762123962400167e-02
-2.923570618565807244e-02
3.724675643482910914e-02
-4.691415151384847881e-02
6.815643092686007876e-03
-3.181972425090329182e-04
1.393596095804361390e-02
1.213854562041927210e-03
-9.061692600786708240e-03
4.955915998809290457e-03
1.005741035321894294e-02
-1.215146301920144722e-02
-2.263064785625568121e-02
-3.788455420548730856e-03
1.682687572330787695e-02
-5.397183809919336994e-02
-6.628298630726003893e-03
5.176949463251201422e-03
1.190649451921532709e-02
-5.202917672155371598e-02
-1.010830084331471035e-02
-6.178666268364940706e-03
1.575821759526307986e-02
-3.260079150007122450e-02
-1.718395862906518801e-02
-6.849507965198231574e-03
2.445804965278708387e-02
-6.136053997153556594e-02
-6.718179505054822087e-03
1.045027062257997130e-02
2.988687769097730929e-02
-2.356176095637074752e-02
-1.022443583283649815e-02
-1.038266872656112838e-02
1.338201180603237894e-02
-3.215254516703125454e-02
-1.362933850128733582e-02
6.783384142714510290e-04
3.196683485451323747e-03
-3.515232643339882834e-02
-1.223726103750633065e-02
5.120811675575875910e-03
1.953651698090252964e-02
-5.039040224916746524e-02
-3.367913702020008948e-02
-4.810300271890666224e-03
2.594705404025998696e-02
-4.842093321015283891e-02
-7.468853689994725542e-03
-2.363471875457490157e-03
-4.553834427084568759e-03
-2.545566288947753719e-02
2.433352595207605162e-03
4.343882595845283134e-03
1.945067377323828062e-02
-4.799975182018911823e-03
-1.381879345290171202e-02
2.499087170233948996e-03
1.202147074412684979e-02
-1.012697996183689053e-01
-2.968625318277018366e-03
1.254368936111971422e-03
1.763581128347380123e-02
-9.951502107903964500e-03
-1.980533675717222053e-02
-3.539870771501085756e-03
2.194966674734488699e-02
-1.030399591515169799e-01
4.247943789821739813e-03
1.523759730585094729e-02
4.681153939487914251e-02
