-2.077813364003366914e-02
-6.977686231006474671e-03
-9.441286524070058306e-05
2.548584826775157630e-02
-2.834012999559765156e-02
-3.795552503497501284e-02
-3.783168669126757422e-03
1.979036623933616568e-05
-2.741117318368346822e-02
-1.454415542114340099e-02
-2.872566969297718487e-03
4.517873324124010992e-03
-5.273640434023207924e-02
-2.946836729391755227e-02
1.261591381490512198e-02
1.983194277361266522e-02
1.144299841231077863e-02
1.177638517198831281e-02
1.954024346651461741e-02
7.580780140382148424e-02
-2.311510418358930785e-02
-9.991040824837815748e-03
-5.030425560462736811e-03
1.145285801962847572e-02
-8.724271072977374253e-02
-2.286531772388822326e-02
9.920732184765856942e-03
1.015803231472900414e-02
-6.218492187148627615e-02
-3.244895681153869837e-02
1.015888772977513455e-02
3.079512986914179073e-02
-2.522970531721258070e-02
-8.659312764629945036e-03
-1.984368489442611683e-02
-3.167223863642654180e-05
-7.324185347328127094e-02
5.861555598851708737e-05
8.325758555463025345e-04
2.944126504269761746e-02
-1.994188706859079119e-03
-1.086709688998421797e-02
3.412559162019768166e-03
8.442855718729713743e-03
-2.643130365077173138e-02
-3.582779625984122696e-02
-5.367893876136342612e-03
3.236016707753641697e-03
-2.770082984018351624e-02
-1.676822639410135984e-02
-7.037630096553781911e-03
1.080630821555006449e-02
-8.070874316242537816e-03
-3.107900202821145541e-03
-9.969783662336917374e-03
8.274292974515429222e-03
-5.286583817081358383e-02
-2.769730719652807593e-02
1.428554905871770586e-02
1.806327628902071325e-02
-2.854180376522674756e-02
-3.941379654596666171e-02
-9.049322333371634386e-03
8.329626109377485932e-03
-1.578160864841304800e-02
-1.325397762165136939e-02
-3.017381011465536389e-03
8.883266932858457920e-03
-7.890277161713488141e-02
-4.243199093652072484e-02
2.013103573110197608e-02
1.607505761497973751e-02
-7.047699087105563365e-03
-1.708221175892532528e-02
-7.623151619868817619e-04
2.722259423555706270e-02
-2.755813380033389492e-03
-2.273528613105257890e-03
3.782221870118229745e-03
-2.428207856903785711e-03
-7.203645174552142372e-02
1.788996456026925586e-04
2.360950091440106036e-03
2.980649135221447033e-02
-8.411403030562891736e-02
-6.088832094771312597e-02
2.391885171812546673e-02
1.457954050724974415e-02
-1.434717039431121499e-02
1.666708752247503256e-03
2.852032795373826701e-03
1.137984204437536562e-02
-2.342364254741546858e-03
-2.157764460766209424e-03
4.045252795908504950e-03
2.377093133874019770e-04
-1.622494618502012820e-02
-1.227122253891943515e-02
-3.793176138027654076e-03
8.373561327272849297e-03
-5.809168989907464997e-02
-4.269982271633732118e-02
-6.964863627229700427e-03
2.963918984034030757e-03
-1.433549651716714557e-02
1.904469404772290986e-03
3.965200814073144286e-03
7.777849871073438948e-03
-2.478536284518928490e-02
-3.708434112059499910e-02
-6.329144962531563223e-03
4.353016671949871963e-03
-1.161732868389186990e-02
-6.486521057388561218e-03
-8.935262474839777980e-03
7.496364010883382889e-03
-2.840604516379952038e-02
-1.554446320128111125e-02
8.706549372402339060e-03
-2.098236828289801181e-03
-2.520825979829721675e-03
-1.187136757629869699e-02
4.645290843772853506e-03
7.375469777569421126e-03
-3.488235156285313110e-02
-2.179991046892193474e-02
-1.000748122404804263e-02
-3.201219287727319340e-04
-8.140927463234914896e-03
-7.960457801157394542e-03
-1.191860883538931049e-02
8.205484804140628086e-03
-7.670559236175278350e-02
-5.216908612801618439e-02
1.961579047525430219e-02
1.623518452305594550e-02
