1.177487322879883891e+00
7.468366870210161323e-01
-1.780460644697853922e+00
4.919724411954859988e-01
-8.610584872573809889e-01
1.998789160619338645e-01
-2.012345081531265123e+00
-1.169093814808405796e+00
1.722518481637933974e+00
3.525476330023735727e-01
4.467314181052017830e-01
5.640905282177754998e-01
-7.947106719146091791e+00
-7.868197804359283509e+00
4.908841579045144954e+00
5.020484945681488398e+00
2.459213353114805045e+00
2.110833388277427503e+00
-9.984744839263100857e+00
3.088497930950481418e+00
3.030971691164836557e+00
3.253074343167440929e+00
2.983412496877136277e+00
-2.476927849965321116e+00
4.401435793232039373e+00
4.171549084525253193e+00
-4.534672894763886575e+00
4.137824073456428664e+00
-4.799040195507402018e+00
-5.672511523532008937e+00
2.356517439960725824e+00
-2.137288095685292433e+00
2.092997500753028817e-01
1.396847533139592201e+00
-1.817936607501323465e+00
-8.960112816502885380e-02
-1.165726695563924409e+01
4.620643543033239098e+00
5.410446089679027182e+00
1.408488997787117114e+00
1.082637319970103817e+00
-9.396273049658958598e-01
-8.968974825179202526e+00
3.598524548831804282e+00
2.525044470925010387e+00
4.201413165237283920e+00
1.895382205727599967e+00
-3.239048081674482660e+00
-8.333403005174062628e-01
-2.637219033478899632e+00
1.664897757697929137e+00
6.933753510589895086e-01
9.138436683660984272e-01
5.727927249033371027e-02
-5.525405872876973490e+00
-5.620563119703959387e+00
5.996526754532808923e+00
4.045778418070625548e+00
4.695026345760879849e-01
2.927277919679625029e-01
-5.228392297473760664e-02
-3.759822281793390175e-02
5.196548344460012459e-01
-3.856281926144902172e-01
-4.259142411449943211e-01
3.349891958372666068e-01
-1.918909977251459509e+00
-1.121517050180614206e+00
1.328289725100404439e+00
1.028138992402361396e+00
3.807914957805422773e-01
2.618803688335020752e-01
1.044229746196052133e+00
1.614466822937046686e+00
-9.600282917915450298e-01
-4.894526074186131837e-01
-1.320745045533115558e+00
-4.473160993974545363e-02
1.681132117382503566e+00
6.962271516981388686e-01
-1.843744886317352893e+00
-2.419534514023382599e-01
-4.092278412446148650e-02
-2.609482617380507463e-01
-1.020091956978768621e+01
3.265070514368943577e+00
2.985036308720779630e+00
3.071998651971370009e+00
3.010597306246097560e+00
-2.285057800261668604e+00
-2.064206442370775108e+00
-7.034704562247924287e-01
1.452842859480810489e+00
1.034845156460278304e+00
-6.695407443848466755e-02
2.822169344697726956e-01
6.588413842590625791e-01
-1.308899210428009496e+00
8.849698295086909638e-01
-9.086621672200863031e-01
6.242396389874045326e-01
9.417837158447639467e-02
-8.433542570233115043e+00
3.805914248827804158e+00
4.375489640951116144e+00
1.070001053407935387e+00
1.049767673193230166e+00
-1.760883906404345112e+00
7.419231558606327326e-01
8.409176862986527112e-01
-5.717834241706327703e-01
6.520427146396485796e-01
-1.716441823682245627e+00
2.870631161727033032e-03
6.933794954100847008e-02
-3.342412952427338269e-01
4.382758887737310260e-01
-2.805026589893770961e-01
2.322618653198418315e-01
-1.017135223731742144e-01
-5.092484794402963644e+00
-4.835594662177825853e+00
5.360915446175724242e+00
3.340087914738234076e+00
4.481795697624164632e-01
4.605257443859187561e-01
-7.431875006120662874e+00
3.400419133064318089e+00
4.834518361646203743e+00
-1.535912197040531169e+00
2.145789158701290944e+00
-1.351684397096391876e+00
1.108314278948370202e-01
-6.107012347369789040e-02
-5.480239972792446679e-01
-9.146626602435503628e-02
-3.623883945155910169e-01
9.262809964572227273e-01
-2.507887253943863470e-02
-4.465668876670179088e-01
5.803537393401398958e-01
-3.382506620657181884e-01
3.596214571687426087e-01
-9.646851781292298256e-02
1.310248806845251579e+00
-1.080764881534250321e+00
4.314303809902781950e-01
-1.550449961746210192e+00
3.397140806269334234e-01
5.939172828503274104e-01
-1.095894315811744946e+01
2.871296799754276208e+00
2.483328280849818270e+00
1.823812169988784149e+00
4.094307405343812434e+00
-2.676794925486802867e-01
-1.198790376926126555e-01
-1.947545081757340313e-01
-3.695917566324737891e-01
-1.531344910579122143e-01
-2.098238677356931703e-01
1.009933990566921125e+00
-1.997882367390815261e+00
-1.108284462370306755e+00
1.243613913135348525e+00
1.042662179381579790e+00
3.780272251947849327e-01
3.927429061944280875e-01
-2.481462932783060182e+00
1.292979705320107087e+00
2.545695523266999771e-01
8.506665748898001311e-01
-3.534588150345996382e-02
1.983095531699206049e-01
2.182719368124296011e+00
-1.484943759603524427e+00
5.794035878189447430e-01
-2.895291796611587642e-01
-4.715682740287263641e-02
-1.014317153220346768e+00
9.170340960722001000e-03
-3.079516827685324643e-02
4.843989616634019058e-01
-4.164746407617769819e-01
-3.224533018370863147e-01
2.366403902029503570e-01
-2.885979794358362938e+00
1.107082912007356867e+00
5.962505088945988518e-01
-9.044773713749378885e-01
1.263549261199273133e+00
7.163995817585515624e-01
-2.527927757592365765e+00
1.297080665035281299e+00
-3.682100487480113316e-01
1.337076402362953331e+00
2.990646126817182449e-01
5.489728110620717416e-02
-9.015970202945212009e+00
3.138104370241720176e+00
4.806009797559184449e+00
1.589945571428501125e+00
1.504020061536976982e+00
-1.850769409327511994e+00
