5.296551090372787485e-01
6.140959587725518531e-01
-4.099999705929633365e-01
4.012750236954332195e-02
-3.048703961805330209e-01
-5.403262089566993609e-01
-1.342282606708238291e-01
-1.687289170226335955e-01
8.369900521158086804e-01
-4.183196445010395337e-01
-1.753876875569915228e-02
-6.905642801731914915e-02
3.729449046038553206e-01
1.058783130721394627e-01
2.310032237886900930e-01
2.911750817831233462e-01
-3.707660810413244690e-01
-6.010004366498975514e-01
7.454411251308954434e-01
4.662165748751476713e-01
-4.003940397921610383e-01
4.122485041252303972e-01
-3.798180477351849049e-01
-9.485921618834964875e-01
8.150843883249905275e-01
3.925795463500350024e-01
-3.511599581454305508e-01
-1.700554039045698573e-01
-2.033335682967134517e-01
-5.465069541263289921e-01
1.002353291232623178e+00
1.062215167147911643e+00
-2.326474217033194236e+00
4.825265037456034634e-01
-4.437787960630146245e-01
2.688776343196650487e-01
3.717940290706849282e-01
8.054040054931022041e-02
2.577960400764283122e-01
2.780310857561829607e-01
-3.727000338792407774e-01
-5.859328259329430466e-01
7.003879620345401236e-01
1.601633093434742250e-01
2.371481356106741600e+00
-4.535309944442360575e-01
-1.339092379387068377e+00
-1.588742946826002367e+00
2.855118156636962112e-01
3.580206951947531024e-01
-2.491503745034151507e-01
4.516200523697193603e-01
-3.531006175334425734e-01
-5.574741126184363793e-01
1.333422619198017856e+00
1.191748617087682760e+00
-2.222580683831893111e+00
5.513511135609974190e-01
-3.881261844784802406e-01
-4.580327071155210206e-01
4.087407732505994318e-01
1.051329741985682631e-01
-1.419672220548591213e-01
-1.787390811522016065e-01
2.983340698395409163e-02
-2.066192079754074484e-01
8.016324427710372902e-01
-5.227743565132669801e-01
2.342106248318629014e+00
-5.159144286155310510e-01
-8.220250139883518159e-01
-1.458298314590066980e+00
1.502110873984136674e+00
8.071597717679850348e-01
1.204730585245059160e+00
4.267281203939177203e-01
-2.163754081196046286e+00
-2.013807999995677278e+00
1.323858288286515972e+00
1.216952769780391463e+00
-2.355649761253857832e+00
6.935558203323211046e-01
-3.770242478972249955e-01
-4.855033265405381826e-01
4.274075109828174845e-01
1.183206511238296343e+00
-7.560662343554014342e-01
1.300080321225109969e+00
-1.350302089849620302e+00
-7.774295992832378488e-01
1.157471622145038737e+00
2.101651069174579334e-01
2.381521340926866515e+00
-4.886567512001391833e-01
-1.311030712358984829e+00
-2.152684697143158132e+00
3.429911666679288373e+00
2.407445036336895328e+00
-5.054072318282436527e-01
1.111716424783594448e+00
-3.756195237759001770e+00
-3.525641353696656211e+00
1.388632655124524717e+00
1.858716636950546786e+00
1.645972070419915667e+00
-1.154589508717847934e+00
-1.337283740815024657e+00
-2.317858316484688430e+00
2.396622591644273825e+00
1.250781766250838700e+00
-1.772767458414264752e+00
1.371635279895087933e+00
-2.063087464825827055e+00
-1.648132212844814148e+00
1.211605453337583072e+00
1.930964611533639186e+00
-2.293463984797213584e+00
3.719523948857954565e-01
-6.613460462810678564e-01
-5.442677437998639789e-01
2.774730271395597470e+00
2.627607340644601663e+00
5.962099570892149814e-01
-4.307391457647611333e-01
-2.186165467725146527e+00
-3.389806010052851093e+00
9.168125294017528404e-01
2.397345182084208659e+00
-1.254662867972342610e-01
-1.104418113004214774e+00
-6.472144090825082685e-01
-1.620243822379620724e+00
1.155385545399838065e+00
1.334602024345102222e+00
1.126422578749938452e+00
1.681013572165852565e-01
-1.967992974712487353e+00
-2.052808202951382555e+00
1.262951203301042824e+00
1.068153080357845397e+00
-2.582189412932095252e+00
1.318881865340856052e+00
-4.520384863760114058e-01
-6.226914760015915817e-01
4.515468376803681849e-01
1.173750436406777453e-01
-1.391099995381637200e-01
-1.973339410989609632e-01
9.140117215082455004e-03
-2.228247157511020760e-01
6.925077333512774658e-01
2.202127438605572252e-01
2.339147982106453583e+00
-4.698570596955136125e-01
-1.345568817117239746e+00
-1.583851860247364129e+00
2.182076910912741141e+00
1.542802835108261661e+00
-1.733878124145334709e+00
1.119018990785434653e+00
-1.989772282232692646e+00
-1.561658034888850466e+00
1.363620466430518263e+00
1.110148885538137620e+00
-2.197459236695536333e+00
5.116298345853493856e-01
-2.879634549887555295e-01
-4.964343411613896251e-01
1.378405953409242102e+00
1.950929184044767339e+00
1.603823101274997498e+00
-1.113748403804407872e+00
-1.380027352997785783e+00
-2.356650626702631257e+00
7.604005767391441850e-01
1.256071213111624729e-01
2.800722951486775969e+00
-9.915612719064483827e-01
-1.273711116192345116e+00
-1.631574098939410078e+00
5.734838513115647629e-01
1.413977308326934690e-01
-1.407823933837875074e-01
2.454203373217751505e-01
-2.867582534339874201e-01
-5.901148958497515196e-01
3.063414264502739570e-02
5.751669221679378552e-02
6.308344692481142602e-01
-2.236877299723829537e-01
-2.589638337379085442e-01
-2.330883473877349843e-01
1.199591373313793952e+00
7.905051349382574699e-01
-1.133779850521662524e+00
9.310967970332626464e-01
-7.753619890158063299e-01
-9.992368014167709589e-01
4.341303286076936274e-01
7.532706156226254279e-02
6.645253110519888651e-04
9.104524445199047022e-02
-6.383757665328460007e-02
-5.728035659493002640e-01
