-8.948423368527747002e-03
-7.110342261181790136e-03
-9.335443747524596603e-04
8.095970360487481088e-03
-3.237718261573707679e-03
2.861641371282752644e-03
3.223344845833864269e-03
-1.806700272692696174e-03
-9.682184598098331207e-03
3.301582531439084534e-03
8.876277789618525205e-03
8.969293309097015054e-03
-1.382764933133273644e-03
-6.585245347519030901e-04
7.936097465411906526e-03
2.912374655871463602e-03
-8.699243722875671381e-03
-6.555044671550325219e-03
-7.544774749206339948e-04
6.071603026742922182e-03
-1.321806466047115158e-02
-3.478806059835193309e-03
-6.856568193819745360e-03
1.577482685062614465e-02
-1.009774218599557294e-02
3.088342486445405655e-03
8.541012979958129137e-03
9.141310499577448567e-03
-1.445089146098599286e-02
5.016816687592129398e-03
4.466372459980272325e-03
2.222032097386916760e-02
-9.916798343084787248e-03
-6.646381359392439236e-03
-5.780238091892542229e-04
1.041478196563305758e-02
-1.585057250897259351e-02
-6.338119900453520472e-03
-9.205910824354068822e-03
1.701038273905464138e-02
-1.199833317564924506e-02
7.137452541945421558e-04
6.258257048989301907e-03
9.282401653343042014e-03
-1.019639424935570027e-02
1.574585952306639669e-03
4.309269745143895491e-03
1.686165446736853646e-02
-2.640142221674324219e-02
5.440417677970987853e-04
2.152415191903234160e-03
2.323253210581155415e-02
-1.501282548616145185e-02
-1.919847123493778618e-02
-5.594786043268573650e-03
1.992547215480744427e-02
-3.471902478353161570e-03
-2.506668355857666342e-03
-1.352982324333518171e-02
3.755292053955594511e-02
-1.776006635884375129e-02
9.551353481505042708e-04
3.855918807467384468e-03
2.783193672807282582e-02
-4.076007997065933530e-02
-1.267870978137874971e-02
4.174397427215481571e-03
5.341137506214077568e-02
-2.627087444773934521e-02
3.222674103567246817e-03
1.957372145552893627e-02
2.485330261359153248e-02
-2.232887217425161275e-02
-1.639719498843694723e-02
-4.802215050520475259e-03
3.231128073056610539e-02
-1.819250556532869822e-02
-3.045731624952141559e-03
-7.047684381144447840e-03
2.076099973782108421e-02
-3.039927138495124304e-02
-8.462624338645863276e-03
1.364729751638882327e-02
5.685012917416010225e-02
-1.832217956395920666e-02
1.687712713210887117e-03
1.816404680663041837e-02
2.889377328891429286e-02
-2.625462345126972075e-02
-4.332189165685562671e-04
2.879159215956716977e-03
2.573173738994261051e-02
-1.281056093934029860e-02
-9.372406677933708963e-03
-6.717078800567266583e-03
2.085360815920678235e-02
-1.150398390478790667e-02
8.925964915971196234e-04
5.845050446701138824e-03
9.365090205811110735e-03
-1.476138128800763560e-02
4.371177204752330070e-03
5.073664723872051141e-03
2.115663889721841606e-02
-2.180708228640382274e-02
-1.623702695024897835e-02
-4.625291464924075058e-03
2.992711676600068316e-02
-1.569964034981441436e-02
-6.530126228976529390e-03
-1.084352444031355667e-02
1.741400544065285771e-02
-2.562375577220277201e-02
2.790816538485563214e-03
1.982158812494794198e-02
2.529888564093196734e-02
-1.768871504500357794e-02
1.046931877669554645e-02
4.012956070260420560e-03
1.889342574624741644e-02
-9.408210803862449012e-03
-6.434951582627856936e-03
-4.693771728174755964e-04
8.203272828376295678e-03
-3.337618589420721094e-04
5.897586444489899549e-03
5.903552689633828621e-03
-2.111403023427049774e-03
-5.398221901851130156e-03
-1.546226569334141487e-02
-2.271353540483911360e-03
3.455674572363021113e-02
-7.108152402180989426e-03
-6.517600820819868801e-03
1.808331625016590394e-03
2.729745195107380340e-03
