-1.055220720053775540e-01
-4.632968174251406168e-02
-1.265888543886317663e-02
4.356374920678440787e-02
-4.003185935831643505e-02
-4.722749480862775684e-02
-2.943237191590553081e-02
4.705788714428793540e-02
-7.216832578862875103e-02
-8.118687433807925125e-02
-4.317359144366594847e-03
6.387440780031261589e-02
-9.126787180197704075e-02
-8.799326031752197075e-02
5.463617186675540083e-02
4.606299049148088187e-02
-7.975146058211235456e-02
-4.246699206657877923e-03
8.217519753107582758e-03
2.481223861864645386e-02
-8.977154484502203324e-02
-2.285923577974657839e-02
1.106759211400998311e-02
2.291526465967375081e-02
-1.279051569907749819e-01
-8.092770522705827752e-02
2.773869715953658499e-02
7.324953371488462928e-02
-1.256907198040737583e-01
-3.630840349010400203e-02
1.902739960902710692e-02
9.868368517741643586e-03
-6.533827787161983203e-02
-2.157796386368793229e-02
-8.545712348741352216e-03
2.210230756465025870e-02
-6.907740909371296034e-02
-5.679001221586688075e-02
-2.700570441408722822e-02
2.860651718204509919e-02
-7.553963376517702777e-02
-3.513178151696072504e-02
-2.249789554954073623e-02
1.647836242128386530e-03
-4.484855388918651542e-02
-2.334062439970496783e-02
-2.557205644244531229e-02
6.887949051727515482e-03
-7.606937310753969506e-02
-1.685499270762180757e-02
-1.014701761622127663e-02
7.144225186876673739e-02
-5.526424560934617425e-02
-3.702624496180839664e-02
6.836097619628000999e-03
1.369902888396756779e-02
-8.578109381775744779e-02
-2.221885439277593299e-02
-1.387426236372424349e-02
6.546478434166891347e-03
-6.950340511223962459e-02
-3.377021072687647063e-02
1.698153664921431272e-03
-5.234094763218344326e-03
-8.971016337380599559e-02
-2.673948923221547425e-02
1.077792841321456585e-02
1.043705614674172999e-02
-4.454569148516607235e-02
-4.660466208247027176e-02
7.878836170891911905e-03
4.667105791847414586e-02
-7.982856425687234747e-02
-8.107520793002565007e-02
-1.211006628896793558e-02
4.695715458338489690e-02
-6.151818441689771433e-02
-5.492001719058436926e-02
-1.650997682559340873e-02
2.873212396025248694e-02
-1.621286933843073541e-01
-4.065560181671168394e-02
3.797231587303695477e-02
7.524267932101236234e-02
-9.847250650405414696e-02
-2.173945385657916063e-02
-2.860388911039524196e-02
-5.763635729213012482e-03
-8.154846455965181207e-02
-1.567310309739111673e-02
2.449293682463649091e-02
3.159462297678161669e-02
-9.503850653405776505e-02
-3.298389805488466386e-02
-2.403064142119593072e-02
5.447289277580358302e-02
-7.939752257149779169e-02
-5.303146093511235115e-02
-2.042199890175933064e-02
-6.200221879502532119e-03
-4.827315172075175020e-02
-2.778786384263098874e-02
-1.493238002632346628e-02
3.116122997538650630e-02
