7.590404486628969494e+00
1.529020268623568768e+00
-4.369202349722655754e+00
-2.498081511336962990e+00
-7.572335144198518719e-01
-2.259657680299127946e+00
3.786344578156288776e+00
2.807186838620410185e+00
-1.263956829320775910e+00
-2.557365457430620381e+00
-4.222120747254791695e+00
1.116490330200704761e+00
3.314363744203888018e+00
1.645055373398093934e+00
-5.213257254630192961e+00
5.248911831466941180e+00
-2.173023703057751277e+00
-3.343195517465900934e+00
-1.468309620166721174e+00
2.518015103805751664e+00
7.553555942468221929e-01
1.849341381649708183e+00
9.312193035902680549e-01
-4.721100282768020406e+00
4.311534481144278175e+00
-3.705405173664360063e+00
5.167471892672978129e+00
-1.943973148807913276e+00
-1.216239012833909783e+00
-3.660046893598121187e+00
4.960045197477995771e+00
-1.650678569100435311e+00
-1.555594126140704248e+00
-8.639372459581267094e-01
2.484966002573258947e-01
-1.201137779079004986e+00
8.515590899509248857e-01
-1.972341509987458608e+00
3.845383678855682774e+00
2.053896600962758612e+00
7.325753390264821974e-02
-5.236843852539905697e+00
2.552913688819117510e+00
6.288228968955479559e+00
-2.495274059693002755e+00
-1.704122572865031771e+00
-2.356305201695619189e+00
-3.166701466906133078e+00
4.569654268791907725e+00
-2.613605977750196985e+00
-1.995998643437715714e+00
1.448799456095045457e+00
-5.204560705604706072e-01
-8.031438913263713175e-01
5.418693328473992210e+00
-4.727077736213232129e-01
-1.055125590381322809e+00
-1.307273078608048422e+00
-1.054534366899815723e+00
-1.942633853267977884e+00
4.247452365331326973e+00
-2.660934382323205227e+00
3.941383908799053870e+00
1.617264705240344824e+00
-5.410005936267097582e+00
-1.951113516921466839e+00
3.622812361665850744e+00
-3.826399479633735723e+00
1.185370813185329553e+00
-5.184570886998898231e-01
1.350332415967301358e-01
-1.039353189568473113e+00
5.920464764697882742e+00
4.744321064026735257e-02
-3.038671663194790540e+00
2.993623635464018662e+00
-3.169148524980016646e+00
-3.191959900182524734e+00
2.477954748285867481e+00
-1.124688775181681422e-01
2.586296265227758795e-01
-9.668743565737969448e-01
-2.980783301770060234e-01
-1.304385849714279288e+00
6.358696694432836694e+00
1.175524890660383903e+00
-2.143383124807485274e+00
-4.458294055715555260e+00
1.668930146275457105e+00
-2.649800749681062939e+00
1.863211595115672026e+00
4.248576624653992440e+00
-2.135798333986898001e+00
-2.908807542151137682e+00
-3.142845156300793974e+00
1.715122900408374562e+00
4.017447888457041927e+00
4.484738813277203917e+00
-3.579840372099411638e+00
-1.477825971654297632e+00
-1.494855334147473513e+00
-2.729193193211713719e+00
5.917378744794632439e-02
2.579883633651618879e+00
-4.497061028295945562e-01
-1.004263885073115148e+00
-2.567468446670332582e+00
1.085695730109392798e+00
8.959492607247781848e+00
-5.057707206291013335e-01
-2.749444659143080116e+00
-2.196145610737545439e-01
-3.602707146609574806e+00
-2.170817894671060344e+00
4.544317035803345561e+00
-4.591538812367573996e+00
2.218254540906443140e+00
9.243675497947378972e-02
-3.787131589210446236e-01
-2.557153634413538157e+00
4.729161977001894002e+00
9.243887920575843964e-01
-1.924049289524575101e+00
-2.225936577071649936e+00
-8.902633458800721655e-01
-5.275713276202509405e-01
1.012291168699775312e+00
-2.292283221120030134e+00
2.607630812719037294e+00
-7.676443974665403402e-02
-9.874043824937501768e-01
-4.289894647456691246e-01
-3.122257009366563807e+00
-3.175077152297845373e+00
1.152406898175101446e+00
2.192730401293445652e+00
1.482908506708113805e+00
1.043424101126632308e+00
-3.656381338710247064e+00
3.430506510181885460e-01
5.069474134970903378e+00
4.051943501131702874e+00
1.128728549335676234e+00
-6.822912521028726474e+00
1.393365917516021568e+00
5.084722734400259014e+00
-2.331454163014257119e+00
3.183106295709833944e+00
-4.188948485101278152e+00
-4.520925734295474285e+00
4.695352560643243578e+00
-1.305634554389911273e+00
1.462087146418383554e+00
-5.879372267427939391e+00
3.733040355609062999e+00
-4.114435858183782102e+00
