-8.024208845125779810e-02
-2.552993059346442273e-02
8.395761891747621775e-03
5.637263011741833196e-03
1.494900084389794159e-03
2.465943449413199318e-03
2.815612612338869170e-03
-9.239395020227192390e-03
-1.491857175360467025e-02
-1.491849018879976008e-02
9.768980087607737062e-04
2.754774805512893998e-02
-2.829935191635857272e-02
-8.927597494660322042e-03
7.155423744913180784e-03
-5.041411004920615113e-03
-7.877930802796195842e-02
-4.501100828717530256e-02
2.163243711735485242e-02
1.321408467316098623e-02
-3.963603706065299548e-03
3.033778409099019413e-03
3.034583489591735628e-03
7.660131719425811170e-03
-3.918773406194420161e-02
-1.358194182365957126e-02
-8.641668935361890291e-03
-1.469174757738267445e-02
-2.080188867190724267e-02
-1.130739029538307960e-02
-2.065554626929078097e-02
2.691501127338491450e-02
-1.498002873251924605e-02
-1.497956745448880689e-02
-8.980248191394313295e-03
3.260400018440856584e-02
-4.817441212942696893e-03
5.314065723740490910e-04
3.742203625924478416e-03
-6.609030636424817473e-03
-2.984917625054928081e-02
-3.493676180580207458e-02
-7.604577307475102188e-03
2.576739751892320740e-03
-8.013388937940546519e-02
-2.977521137432770360e-03
1.014867197590163528e-02
2.942957296053916316e-02
1.494820861483114882e-03
2.466773737808791722e-03
2.815275290940277841e-03
-9.239459086227030937e-03
-2.634971442964384458e-02
-3.476765007451332323e-02
-8.000227678187865621e-03
-3.974315929708982509e-04
-7.662761086890901296e-02
4.523287161530165079e-03
4.524560904888952351e-03
2.904959935577822172e-02
-7.877920106020419588e-02
-4.501181676254839559e-02
2.163217141716122782e-02
1.321387702289467114e-02
-5.563981735313405785e-02
-2.556165149807365644e-02
9.930330042411839031e-03
1.707206832736329893e-02
1.194075557279017374e-02
1.538218462884866078e-02
1.538310163688283438e-02
8.126776764106513617e-02
-2.080194056223128030e-02
-1.130852483134470177e-02
-2.065563863120756238e-02
2.691579513821751313e-02
-7.064231509017893096e-02
-4.674931499269452395e-02
1.792774799568697119e-02
1.620585338093483152e-02
-5.347847993443854975e-02
-2.526396399042818430e-02
1.297728382481322384e-02
1.297732147770669364e-02
-2.984977815770739618e-02
-3.493645599909767085e-02
-7.605142208123361058e-03
2.575923868296747798e-03
-8.013498630570747849e-02
-2.977279757882422828e-03
1.014779515025421297e-02
2.943061168766014646e-02
-8.024257955597646763e-02
-2.552960570847750965e-02
8.395578680610249478e-03
5.637161284228309199e-03
-3.227554883389327500e-04
-3.218113664298360987e-04
3.569428494160087340e-03
-5.107141597260778099e-03
-2.634889781847471468e-02
-3.476784609858318831e-02
-8.000808753388488626e-03
-3.972002002368135720e-04
-2.830020150852430305e-02
-8.926459734794445211e-03
7.155824602483429331e-03
-5.041609534633950673e-03
-1.126425311821965813e-02
1.912157130102620783e-03
5.125234089007113525e-03
5.125391302287951589e-03
-5.563886987785626737e-02
-2.556256100954157340e-02
9.930159289837536818e-03
1.707144741156185752e-02
-3.918740618226101979e-02
-1.358235910264093960e-02
-8.642516349472773030e-03
-1.469153065118988799e-02
-1.158755567736102776e-02
-1.158749479485132738e-02
2.380372824564158662e-04
6.291473083599452565e-04
-7.064405808156104527e-02
-4.674858237926660109e-02
1.792698395515812670e-02
1.620579309621961173e-02
-4.817322203061635832e-03
5.318365712663197797e-04
3.741713121650835916e-03
-6.608743118714066611e-03
-3.204216071502452579e-03
-6.946409591330748867e-04
-6.940848387351206128e-04
5.237498989133060334e-03
