-1.042884327071578809e+01
4.201073444945379265e+00
6.073655537168917817e+00
5.917335889440948904e-01
-7.180325627916772646e-02
-5.513069719841752203e-01
5.902348188369899162e-02
1.470567281775984725e+00
-5.141222766611548423e-01
-6.909259780951515495e-02
-6.596603117943686811e-01
-3.838497811863419429e-01
1.420829109234745147e+00
5.439310632472427187e-01
-1.054171596995914229e+00
5.436501167336444951e-01
-1.053988712726024346e+00
-5.756881014103072403e-01
-3.878929247309770290e-02
-1.319109999285331014e+00
1.946025839496357435e+00
-1.992624301387181163e+00
9.008447036885200987e-01
5.687392610485915156e-01
-8.545029091050878378e+00
3.577560880832436396e+00
4.862382809507892034e+00
8.928125402889719453e-01
9.516573385933639884e-01
-1.645442363359308047e+00
3.153457990301120617e-01
3.157128612684800828e-01
-3.714955006389430991e-01
1.152176540996592280e+00
-7.630717453577631204e-01
-7.627906785493081543e-01
3.231843772317759544e+00
-5.090369463333814792e-01
-3.429636202759667185e+00
1.618498991306566381e+00
-1.213757508728662060e+00
-8.696309160123405491e-02
-1.824653055986061645e+00
2.575374256237893178e+00
-2.048067382542484438e+00
2.095710890626705236e+00
-4.990903125470111945e-01
-2.133110203724157827e-01
1.208868258412593377e+00
5.618612431954801423e-01
-2.868480603768830406e-02
5.619719815386332584e-01
-2.814404395719805052e-02
-2.393992270266792843e+00
9.029166647270869817e-01
6.504267486349135652e-03
-3.237711669108449541e-01
6.521673659593858474e-01
-5.188888802867808181e-01
-8.195886117059103526e-01
-2.167541509165658908e+00
-9.574070607952478440e-01
1.669516302220117154e+00
1.023936173689008911e+00
2.623814197066565157e-01
1.141532794189856759e-01
-5.196433540148134966e+00
7.670129789402352571e+00
-6.605737080252154669e+00
1.736897952171645443e+00
3.386216124071083300e+00
-1.323365419166265156e+00
5.895730292486689450e-02
1.470715778416220587e+00
-5.140843886919554961e-01
-6.916300662024355006e-02
-6.595641659507549548e-01
-3.839966286904115123e-01
-2.275991371848760991e+00
-1.055205112485538166e+00
1.454276296645105049e+00
9.251686799150888874e-01
4.201761940650925453e-01
4.583421260159497024e-01
-5.129401103531165518e+00
-5.129239346439234737e+00
6.305550014868018138e+00
3.267948068767580594e+00
2.152463713688490543e-01
2.154316197230770058e-01
-8.544825123272048017e+00
3.577633796311616265e+00
4.862420797116612903e+00
8.924575899765585518e-01
9.517386154343796534e-01
-1.645488389988457811e+00
-1.052826635312155190e+01
3.562681341719709849e+00
3.185214989498589944e+00
3.291975511594003478e+00
2.531860997114236511e+00
-2.246417278530358885e+00
4.741374935731414553e+00
4.741571639430887330e+00
-5.414549257474135402e+00
4.359388413850695088e+00
-5.576449381903174185e+00
-5.576760577199664226e+00
-1.824447169652401612e+00
2.575339938233071280e+00
-2.048246387172554250e+00
2.095894161435040814e+00
-4.990866492944974198e-01
-2.134995756502462427e-01
-9.309648702064265535e+00
3.745257346707546731e+00
4.680279207345989789e+00
1.460922142247838451e+00
1.207167819118296848e+00
-1.671169535564544617e+00
-1.062132207969897024e+01
3.360976212821285003e+00
3.361263615343489164e+00
2.946177390915281080e+00
2.945867762301162429e+00
-2.202048797858864759e+00
-2.167568336275351726e+00
-9.574070607952478440e-01
1.669511345288455573e+00
1.023964086943990992e+00
2.624303488024111175e-01
1.141115959541565417e-01
-5.196511750524365425e+00
7.670092218454627186e+00
-6.605572722824177845e+00
1.737335614297577990e+00
3.385589741601435776e+00
-1.323296176855322415e+00
-1.042882172549639108e+01
4.201306550124272121e+00
6.073555598343091333e+00
5.915675490410876591e-01
-7.182013744331072758e-02
-5.513009592646938017e-01
8.410552544603433489e-03
6.189808194837098654e-01
-3.449664404624286362e-01
6.187950663293975140e-01
-3.448972143884958541e-01
-6.308881932478698218e-01
-2.275940130038932807e+00
-1.055036586400248666e+00
1.454083892275406242e+00
9.250103975559937908e-01
4.203569758993097594e-01
4.582942022825307049e-01
-3.866436838218589855e-02
-1.319499345064457430e+00
1.945851899930261197e+00
-1.992418620419243780e+00
9.010696622428469027e-01
5.687513640899481970e-01
-6.780116861024509944e-02
-3.857720295144844158e-01
-3.858189720759668262e-01
4.420305206045753721e-01
4.418922943391407898e-01
-9.153421584483112383e-02
-1.052792120420129152e+01
3.563094272088179082e+00
3.185498866800628548e+00
3.291855432166087780e+00
2.531432146076568301e+00
-2.246869102212642133e+00
3.231917744914596824e+00
-5.091450053401587184e-01
-3.429642128261846779e+00
1.618392456327171658e+00
-1.213711976543692117e+00
-8.684312509984692952e-02
9.581493341915887640e-01
-1.390140189956014183e+00
7.012386625851263489e-01
-1.389873048131889277e+00
7.015111961817410702e-01
4.714479497378079031e-01
-9.309264695113768084e+00
3.744878439176517304e+00
4.680193383932504503e+00
1.461001953696637656e+00
1.207212165935445114e+00
-1.671186867958013522e+00
9.030559433910525513e-01
6.169812491094717188e-03
-3.236947081262826487e-01
6.525186548796142461e-01
-5.191336419093630639e-01
-8.195880113220255225e-01
-2.138352561623406700e-01
-2.138199643960234653e-01
3.671380189529571680e-01
-3.162186376817288647e-01
2.049796735992686081e-01
2.051010497218754836e-01
