4.994897881407752038e+00
-1.539053151364072392e+00
-1.838743718037960662e+00
-3.717150346987097009e-01
3.224297859574676295e-02
-1.360196336008570484e+00
1.775233346993644545e+00
3.547220987427522232e+00
-3.803651559285214034e+00
-1.507379814732544787e+00
1.068126980503663503e+00
-1.027689209831464723e+00
2.514378359031496757e+00
-3.585607767690603964e+00
3.793554103295292634e+00
8.378034715332205451e-01
6.210431873550561477e-01
-4.936101813476298616e+00
-3.078098697285014396e-01
9.303411397849998821e-01
3.333121930544024281e+00
-3.235610556836689966e-01
-1.670029388913150115e+00
-2.109071878294145108e+00
1.425294422113651649e+00
3.508557588303361285e+00
-2.195636912345364067e+00
-7.617024414361424078e-01
3.247327571706208005e+00
-5.139530918906231705e+00
8.026492091886581193e-01
-1.696097886184546155e+00
1.331625096087137194e+00
2.144285859657770743e+00
-5.481640603505439913e-01
-2.134361358878123838e+00
1.155625081518095953e+00
3.001000027073033039e+00
-1.195324457240019456e+00
1.979024574578630791e+00
-5.695667679843296582e+00
6.244949753337891707e-03
7.337915736089712482e+00
1.373972719452069668e+00
-3.047570618986569002e+00
-1.656598068252762346e+00
-1.488333854207695595e+00
-2.698327198805174021e+00
6.174135145958103976e+00
-2.317787672773022223e+00
-1.120598746871280582e+00
1.253830402797035504e+00
-1.224893390656390579e+00
-2.842987420038213031e+00
-1.291635992121101140e+00
6.685069707981767806e-01
1.739380742167966787e+00
-1.118745563332055326e-01
1.683581687359435364e+00
-2.793921220881088630e+00
-4.323239019918517556e+00
-1.691985814351113504e+00
-2.439456109661790606e+00
3.785813967682898351e+00
2.060470224225653624e+00
1.716046129523462582e+00
-4.847151989645368531e-01
-1.912034443386957605e+00
3.123174221702868181e+00
-1.565871561073961971e+00
7.578964477127101418e-01
-9.921479884538086935e-02
2.742650881324806278e-01
1.855847954338983641e+00
1.816496624160208739e-01
-2.627417559693157045e-01
4.893133215142029258e-01
-2.615990956648147403e+00
-5.873692356295947548e-01
7.768787446476608238e-01
-1.027938754851760450e+00
3.719864250112919990e+00
-7.211916140781795548e-01
-2.483319334199194373e+00
1.046605119965278163e+00
2.827558905738385420e+00
-2.553388979198359721e+00
-2.466030017314807310e+00
1.808315302715456596e+00
-5.462274081848619289e-01
1.637435637799384835e+00
3.824086285347007674e+00
-2.368847076659875484e+00
-3.193499774602500452e+00
7.207074354799942739e-01
-6.042285687540385197e-01
2.099079945984399842e+00
-1.400869442969678857e+00
3.546862153561804121e+00
-6.660617075009014343e-01
9.348266944131324863e-01
-5.246013388982305514e+00
-1.852896447071799457e+00
1.233838235686917528e+00
1.690889755223750512e+00
2.292165822295658018e+00
1.383815724117155810e+00
-4.748428648010388997e+00
9.816675126125886663e-01
6.869645788657408048e-01
1.342821045121169732e+00
-2.740551659952927821e-01
8.495686186901281189e-01
-3.859893310864265459e+00
3.003188995825070151e+00
-3.505466456645351059e+00
-1.144067355582919276e+00
2.153266761088019621e+00
2.186467199475629286e+00
-3.261706910684353034e+00
1.368170171498334753e+00
1.644201883506383410e+00
2.583759258713342888e-01
6.644525199339454957e-01
-4.742763352989015857e+00
7.998520409319098690e-01
7.874341368304840216e-01
-3.365423882233102404e+00
1.110340738466646826e+00
5.951260220757902175e+00
-5.028315734254860558e+00
5.405535929505873582e-01
-1.419721733638397154e-01
1.195817254058511026e+00
1.664026608577486854e+00
-9.237202405260376281e-01
9.099781387332654958e-01
-2.876466243223575248e+00
1.835829269569245525e+00
-2.471876423977107606e+00
1.587564525507545454e+00
1.441646655394038135e+00
9.372757243069287370e-01
-3.746228917477097298e+00
1.242893008845783243e+00
3.784914599385444944e-01
1.382016580357259272e-01
-1.563954559855460502e-01
2.015572585988721244e+00
-3.918254102950072593e+00
-1.578296633700261964e+00
-1.234107491805531254e+00
4.950957618152827422e+00
-7.313461115102185772e+00
2.672136479220327487e+00
1.404005554149534873e+00
