-9.035521320353878671e-02
-2.299208839107858005e-02
-1.871495597313588277e-03
2.940799786305392516e-02
-5.835179033258430792e-02
-6.024466007597872874e-02
6.623442536582091478e-03
4.648713159691264529e-02
-9.302249998437517320e-02
-5.421804500010529715e-02
5.325648468716970285e-04
1.572386352747034977e-02
-7.781997244057525798e-02
-2.376857651990871290e-02
-6.741026229151847460e-03
3.058605603087594105e-02
-5.351389654296889731e-02
-4.231180606754425533e-02
-1.508684152200734374e-03
7.627703254096118712e-03
-7.619941326040469143e-02
-6.120268993487676390e-02
-6.697814495251641631e-03
3.832659217771627880e-02
-3.729954399599222370e-02
-2.270594798770786404e-02
-2.016772172639513805e-02
-6.420695288474886908e-03
-8.085374716173765464e-02
-4.525246259756077194e-02
-3.041572767937616995e-02
1.027283390451594336e-02
-9.381842243784133117e-02
-4.591160105997382779e-02
-1.009684759998163983e-02
4.268865717660430548e-02
-5.669709289530633356e-02
-3.788889574760334611e-02
-1.662012660143186160e-02
3.495004719990713049e-02
-5.468254380682946447e-02
-3.405265143749947043e-02
-1.171296943722111017e-02
1.516436806585241825e-02
-7.617771197389200388e-02
-7.630320432812620624e-02
-1.410229216881608849e-03
3.310351704523251115e-02
-7.136831298827650549e-02
-4.965046727525801451e-02
-2.557900445025418357e-02
4.374483381199834042e-02
-6.462476018550189494e-02
-6.418455420883151241e-02
5.508821324795576402e-03
5.747863789071772089e-04
-1.109101162152168474e-01
-4.908755086877958362e-02
2.213329799430918676e-02
3.698815799743049304e-02
-1.065252686311386476e-01
-3.747815186622727168e-02
-9.872996787671617369e-03
2.793338473069417738e-02
-7.822516831048065278e-02
-5.808475468225027250e-02
4.702377344956820693e-03
2.758019998550986784e-02
-8.600312420570155325e-02
-8.225602032580003886e-02
1.078522853241725699e-03
7.120937561353235523e-02
-7.166189071445039360e-02
-3.733264605979824680e-02
1.652101436317865435e-02
4.578110429465320763e-02
-3.032965739844573072e-02
-2.764227434068433631e-02
-3.571991445570743551e-02
1.561622536981777110e-02
-9.030380181127406480e-02
-4.557447145599979876e-02
-2.430336619957662592e-02
2.542057988177393035e-02
-6.325560444231115298e-02
-4.988723797024374740e-02
-3.824005800118079890e-02
6.111040574307846640e-02
-9.095743755971752442e-02
-4.900385349925429068e-02
-7.464082192537802030e-03
5.353716939552510823e-02
-8.803735749757946039e-02
-6.452569969807830930e-02
1.029042904145249793e-02
5.847874437937061742e-02
-6.848061941994587620e-02
-5.197246914892428293e-02
-5.842697564988497128e-02
4.983574357894493545e-02
-8.147076734016933663e-02
-1.970341349220761096e-02
-2.527430622567350404e-02
5.137586382254255568e-03
