-5.790247516332811983e+00
9.109042371687792183e-02
2.377289716429359601e+00
2.883996753992477124e+00
1.287822776419361048e+00
-1.015293553990730402e+00
-1.871455400844652672e+00
-4.846616571929317274e+00
4.730079004534374576e+00
1.224407726111834904e+00
-1.204853500152893275e+00
1.819893129396248810e+00
-1.903300709645392885e+00
-5.742725878085153113e+00
2.688168889718355103e+00
-2.018157046613026750e+00
1.278408675641671266e+00
5.617599820953358858e+00
-5.142733779751097245e+00
2.276634174122776244e+00
4.294468317287822856e+00
1.518173301979089729e+00
6.689102036864227330e-01
-3.486847698998900569e+00
-1.267458627326050191e+00
-4.878021779305626637e+00
-1.048476916027183847e+00
7.009129154392041983e-01
3.801435767421665446e+00
1.901420690193688756e+00
-1.859806552205824914e+00
-2.232981779420356361e+00
6.423212557010074875e+00
-3.067816014874139796e+00
-2.834920307068955481e-02
4.808550949402672359e-01
-3.012789271762798649e+00
-2.984904466536718814e+00
1.764080796012208907e+00
5.056232783400332664e+00
2.964651841485704153e+00
-3.799874572461831690e+00
8.379080012686912937e+00
4.751863034567591626e+00
-1.031742895228533996e+01
-7.470076353367730349e+00
3.709727445874946739e+00
1.291462613611585653e+00
9.701318671311298658e-01
-1.011290194526267783e+00
-6.725309334889317370e+00
3.139336567963297853e+00
1.253662476474090681e+00
1.586036218841769596e+00
1.873422585295116960e+00
2.765050485104794120e+00
1.275181516414221505e+00
-5.571966593795764311e+00
1.262375389605153941e+00
-1.556777950381430742e+00
-7.648792850421841649e+00
4.144042231997673298e+00
5.280640747092121501e+00
7.586234515357404007e-01
6.747105493847413982e-01
-3.517717873351614344e+00
5.765392462661793616e-01
1.854054210369326938e-01
-2.482145548848237127e+00
1.359081053357584778e-01
6.595323052573149880e-01
8.203714017259216007e-01
-6.415154854306308607e-01
-2.059524707943737099e+00
2.592433108935026098e+00
4.558424509398292912e+00
-4.416802049988106660e+00
6.199421166974161679e-02
-4.762277158953665435e+00
3.605191303671006153e+00
2.081238068569462030e+00
1.149374431636275062e+00
-4.180746183392045623e-01
-1.680391344381732210e+00
3.137200697651948644e+00
4.694857184846384257e+00
-9.226090684606020886e-01
-1.176896701180537264e+01
1.136653437358177143e+00
3.073847100951212497e+00
1.407543061513237603e+00
1.091454018669409720e+00
-2.854546713215711407e+00
-1.365436830960888415e+00
8.353693607811294441e-01
8.971897161486594996e-01
2.233137654893056379e+00
2.062824009476784681e+00
1.928612117779664459e-01
-5.218661401445245929e-01
-7.508429834791598978e-01
-3.175885584663078021e+00
-6.943533582255184911e+00
-3.177690583829999582e+00
4.783567269528404609e+00
8.030818368795024753e+00
-7.433665910462821103e-01
-1.640487562320672055e+00
-3.252792645557178730e-01
2.660755895474011368e+00
4.062713378792182084e-02
-7.836041546794660917e-01
1.697036888894274398e-01
-1.671184023229443483e+00
-1.898612853890696783e+00
-1.141212491825257302e+00
6.481137897283559823e+00
1.516313528553155265e+00
-2.884151694215191242e+00
-1.890974055474089255e+00
-3.988862723906237306e+00
-4.867063064383927440e+00
2.849885790531729413e+00
7.341870150998374811e+00
3.304945828677716690e-01
-1.585994865108972363e+00
-5.341214838231280737e+00
6.427335264495667388e+00
2.736516096191650149e+00
1.102688716783688960e+00
1.594473177574258216e-01
-5.134125540249428354e+00
-2.283707881646563465e+00
-1.218172987349873893e+00
3.762553611862827552e+00
-2.679762573402669545e+00
7.744056684982183469e-01
1.192214005631825557e+00
3.303755351864907652e-01
7.857459892744884655e-01
1.877589765468172800e+00
3.304807019088713105e+00
6.215075777960521464e-01
-6.911366015196833246e+00
5.370461901358396517e-01
-8.386993310751407193e+00
2.718182793092353222e+00
-1.705738727124554543e+00
2.387536348639912376e+00
3.668875734360611318e+00
-2.672207954192430179e+00
-5.413753733032123705e+00
-7.593267745542675584e+00
5.785647433543758211e+00
5.997660562581614840e+00
1.294436075048366774e+00
-6.849762887910571862e+00
-9.561030721208823024e-01
3.742663474696044545e+00
5.447633737840362755e+00
3.997928610848234143e+00
-5.050830525868192922e+00
8.069928637677577399e+00
-6.644498290189062573e+00
6.699231045783164973e+00
6.572920123327975261e+00
-5.799477509204365333e+00
-1.037374035154932983e+01
