-6.846614442283760482e-02
-1.692698130567338310e-02
-1.191985876517787091e-02
-9.431411793087818296e-03
-1.326286976925232786e-01
1.133950896824442722e-03
1.143153169070654229e-03
3.847038338136399283e-02
-1.386831918970801159e-01
-9.339422448908285546e-02
-8.685252484781602611e-02
5.463291868330211187e-02
-1.008726298655664433e-01
-5.677689586369139008e-02
-1.309729880243670763e-02
3.530810099351500142e-02
-2.411952088811553097e-02
-2.599014950990463646e-03
1.724994477671826232e-03
8.508583217674781096e-03
-1.090944098762720582e-01
-1.728710706924641016e-02
-1.435645292151899177e-02
2.607503728353943728e-02
-1.337911291425890603e-01
-4.298157990977480303e-02
-4.153287431818375453e-02
-4.882383007368584771e-02
-9.460701447920571994e-02
-4.198902768668766328e-02
-2.392088007172343822e-02
1.553841317286419610e-03
-1.034296883483662999e-01
-4.206439358519675764e-02
-4.050659926254485121e-02
3.601066096017002671e-02
-6.090817026529982137e-02
-1.653461845043757705e-02
-1.501538085649167797e-02
-1.108283024206779821e-02
-6.172249952286601449e-02
-4.158145670365720470e-02
7.053471251541765241e-03
1.212755669050324947e-02
-9.632933079078176419e-02
-3.273357645300101204e-02
-2.863846973661776651e-02
3.246155508404235945e-02
-7.678469533715848172e-02
-2.927775636131491055e-02
-2.848725599311796586e-02
4.019341507770390898e-02
-8.365382214725380905e-02
-4.217215456967315923e-02
1.395064285710900798e-02
2.912298554571757236e-03
-4.202724386811707014e-02
-5.073302886664521338e-02
-2.173455182961347987e-02
-3.312778579959374525e-03
-7.896094731855973770e-02
-4.058570214518342212e-02
-8.962747832097939238e-03
1.708940037796091715e-02
-5.192994901036707134e-02
-1.179844344572811288e-02
-1.051892862121150962e-02
1.515886658402743059e-02
-1.407275407097952069e-01
-9.065076735858168533e-02
-6.410471146481877547e-02
9.345390802860942259e-02
-5.682732900594356096e-02
-2.722210487783160993e-02
-1.939635010259288528e-02
8.316294229965270901e-03
-9.720569435355130850e-02
-1.096262529458447155e-02
-3.131031069016909640e-04
1.177291973678795678e-02
-1.316438138421538451e-01
-7.709294477023043157e-02
-4.295806303795379755e-02
3.720163196159953500e-02
-8.200078736255100864e-02
-7.488592481679168245e-02
9.769526615461598951e-03
1.296694278088761365e-02
-5.425251483265447483e-02
-2.086170658556141255e-02
6.971590162389018630e-03
1.523610925987317621e-02
-5.042699164778308152e-02
-8.589390406215091645e-03
7.155876787130699412e-03
5.376010063284475393e-02
-1.807724107359161003e-01
-1.627803067860922326e-03
3.304644226203046209e-02
3.570171703699553944e-02
-5.320650212466770945e-02
-1.569416387661437540e-02
-7.606174714424707162e-03
3.501668189998397018e-02
-1.584634158241489121e-01
-4.229865054309311923e-02
-2.388143161254263624e-02
-7.165385393810952408e-03
-8.312728492053600426e-02
-5.909718302531175027e-02
-5.168115536167694479e-02
-2.071979424401160230e-02
