-1.535961652245973141e+00
8.533290367409449573e-01
2.475351846031088598e-01
5.415398699820315187e-01
6.308853207902131999e-01
-7.462193874817444339e-01
-6.069700105651264721e+00
5.376114611208635097e+00
1.726777237046903224e+00
2.888374548956988974e-01
1.927132762845928937e-01
-1.576787667522580705e+00
-6.201722912843337099e+00
5.403285949497274032e-01
2.699360401479879101e+00
9.012073054983886777e-01
2.926489001920700161e+00
-1.020935917486667677e+00
1.365950031568800682e+00
-9.662363245070082485e-02
-2.123446119338922244e+00
-2.003267227096770853e+00
1.222930533524376528e+00
1.695527754865693737e+00
5.925237222890174849e+00
-7.621463755054051603e+00
2.585855794155818899e+00
-7.637722554696296129e+00
2.361632062241156405e+00
2.799196694727598356e+00
-1.122859150320311983e+01
5.916521667309709187e+00
5.471210567545540471e+00
2.335363986297267047e+00
-3.516427813486444620e-01
-2.109851880676075098e+00
-1.263019857584879446e+00
1.803190130451952200e+00
2.234890115337861971e-01
1.744039580431191894e+00
-3.002937881390110419e+00
4.229251877163591189e-01
3.775763862530538972e-01
3.476122512137379772e+00
-1.569796766700179091e+00
3.126123784193680422e+00
-2.540507586181078636e+00
-3.635855278707410321e+00
-1.649330678136820438e+00
-6.837608737298438655e+00
8.232202776884832929e+00
6.342948489882232366e+00
-7.084984028473414241e+00
1.432319768663063542e+00
-6.045297069265259893e+00
2.742753959687135534e+00
1.633843355723939794e+00
3.645822308176448701e+00
1.828821596743225086e+00
-3.670694509801521122e+00
-5.875313830310361141e+00
-5.805095835153096573e+00
7.429573494285918400e+00
2.844948031642601904e+00
5.749663504346926857e-01
4.632371870620346499e-01
-5.732533684428446463e+00
5.247161691609193213e+00
2.206252862887907895e+00
2.202027638557950695e-01
5.684003757941979984e-02
-2.045993640158258131e+00
-6.054783797033252313e+00
-1.244544160809172695e+01
6.514781005443381900e+00
1.043632806901760546e+01
-6.436101178672828382e-01
1.918426189282456562e+00
5.767008002507949982e+00
5.931927185696167726e+00
-6.915748017739474562e+00
5.518098152411099022e+00
-7.138376265888794592e+00
-7.553584212616442528e+00
2.006826244019578098e+00
1.005052122977460272e+00
-2.397020294807319374e+00
-2.164411485614436970e+00
1.819821175907620159e+00
-2.176979074780973633e-01
-7.156397959287758681e+00
2.626298131646549905e+00
5.177141091905937742e+00
4.297884740117439151e-01
8.690788963939581890e-01
-1.821146023123333180e+00
-1.288770986407867269e+01
4.370282412333168054e+00
5.597618144025545917e+00
5.066351928286792372e+00
4.176996144809933753e+00
-5.967302638222221844e+00
-1.095218865006728493e+00
2.162397309297801939e+00
-2.174887074975799806e-01
-1.480616084191112236e+00
3.398292354540188853e-01
3.160449367477440319e-01
-7.196133041151611565e+00
-5.981218526549270109e+00
7.957740993012151876e+00
4.382366130379509173e+00
-5.535844834562624328e-01
1.038792038111083116e+00
-1.330430770185714096e+01
2.926583148793099554e+00
4.584238772022715125e+00
3.433488598603489095e+00
1.632906898916914429e+00
5.240292909530381849e-01
-1.708364260787973876e+00
7.578722143065306227e-01
2.770396304738369508e-01
-1.726837584043281026e+00
2.139215772912919533e+00
2.079488725070177679e-01
6.559122353548900719e-01
1.032595755603864518e-01
-1.941303501197680248e+00
-5.195873031699562716e-01
9.731728382328270754e-01
7.181941261182487324e-01
1.557074621821868732e+00
2.035740435244406399e+00
-1.661632897076586346e+00
-3.833476455921385195e-01
-1.178911367610496086e+00
-6.131984942541919281e-01
-6.436659690058149863e+00
-1.082919917614380267e+01
5.099971385941046265e+00
9.865052469699548965e+00
-2.121254873734542912e+00
4.167890279704167256e+00
-5.141657865245562675e+00
9.704468207978891314e-01
2.305853753734822931e+00
1.544852653516912255e+00
2.100817507416422814e+00
-1.803553840392183361e+00
8.356921397561052345e-01
-1.128505714131947002e+00
1.070031066823858623e+00
-1.378803885573603338e+00
4.696867701096607561e-01
1.748731869294175567e-01
-5.912016470648509880e+00
4.548727504187866089e+00
2.916486704962011345e+00
1.257247537976581953e+00
2.737550916328501671e-01
-3.030355897153810929e+00
9.184312010115718294e-01
7.497318065930613784e-01
-9.055242246411268070e-01
4.740103326282394391e-01
-8.507283938485556973e-01
-3.757264840339900047e-01
-7.833066068939800175e+00
7.730807828536413240e+00
-6.095878523806121052e+00
6.562865547030583002e-02
4.274177000329473231e+00
1.334212597030344227e+00
-4.661963349835161807e+00
9.394566478169849688e+00
-3.452391903035277210e+00
2.981954795003204595e+00
4.707935831074124167e+00
-9.237582313211547103e+00
6.018267778194825723e-01
-1.326535349227071947e+00
2.238646579201315490e+00
4.495427647629242074e-01
-8.053427489473961032e-01
-1.156218997778466928e+00
-1.500278103789185025e+00
1.406783974971162365e+00
1.551007209431531919e-01
2.346753927257509531e+00
-2.427775717704335534e+00
-5.207475055024701760e-02
