-4.211720899487803038e-02
-3.582338412504215697e-02
-2.132373930748698854e-02
1.469578326241505195e-03
-9.347010376228426232e-02
-5.810084892899625153e-02
-9.902455428457246356e-03
5.047517539193835390e-02
-6.654792393777819726e-02
-6.492734468191652120e-02
-2.943236345785149588e-02
3.682298295794339538e-02
-1.602452257442998906e-02
-2.581263423453927786e-02
-1.144138966749475017e-02
-9.676700557690987026e-03
-2.947323253085576411e-02
-1.820922589064943864e-02
-1.533875688826191741e-02
1.028950056568023186e-02
-8.002566929645316129e-02
-4.309926320554091639e-02
2.371152124046593812e-03
2.917233986709844018e-02
-6.488376717794364090e-02
-4.475680776939916505e-02
1.047669787363592064e-02
1.557570929121010472e-02
-3.070541539637039463e-03
6.429608600419189912e-03
2.091507460954256103e-02
5.889825180866603560e-02
-8.829037669143224853e-02
-4.949146605915411001e-02
-1.331416363567128336e-02
1.663477206357111271e-02
-7.211093560884740405e-02
-2.611879740981248865e-02
1.790482373152757489e-02
3.941979472846002253e-02
-8.030241808314930729e-02
1.131647317246908813e-02
1.146915666559733538e-02
1.750595766557871968e-02
-9.590494766406920668e-02
-7.269871339380973296e-02
6.400006080762743466e-03
5.491190284106295394e-02
-9.346604657072909994e-02
-6.960506907036112523e-02
-3.434384982111260420e-02
3.993309809877976235e-02
2.867381000754454234e-02
3.302339243437724114e-02
4.268888287464678299e-02
6.884978092592630716e-02
-4.355118108731792503e-02
-1.326342094458321519e-02
-1.270313234635822575e-02
-1.078851107909950535e-02
-9.871698519697247320e-02
-6.019850416628913514e-02
1.140465154035874562e-02
4.421278341602730144e-02
-8.433648126675308276e-02
-5.590137772598069432e-02
-2.596543098237535929e-03
1.349495564128999625e-02
-6.406519534674171013e-02
-4.439813611977938557e-02
-8.054381781066322077e-03
3.809721034024282638e-02
-1.072153737664556239e-01
-5.836145191016273159e-03
1.275510085006481553e-02
1.672892564641981217e-02
-5.698360722110562548e-02
-2.935456812021786099e-02
-7.807358732988545214e-03
-1.917420673265368691e-02
-5.829343969645628398e-02
-3.789655810121583812e-02
-4.161875047207441725e-03
1.889548987200373453e-02
-3.750012257767965096e-02
-2.361770668533846873e-02
-4.357990118568189075e-03
-9.256709723193257133e-03
-3.000977983400776594e-02
-2.109860864505375133e-02
-1.001109635032459977e-02
1.400245209836170623e-02
-1.172798892071915677e-01
-4.131773853771036897e-02
-4.659288516357751320e-02
1.248571532995401689e-02
-7.673094079027342751e-02
-6.575751000769569643e-02
-3.052490989982126202e-02
5.119334494124094803e-02
-2.220033261286236126e-02
-1.487057139638414682e-02
-3.279621311864655553e-04
8.181251343950535215e-04
-1.054165443293282323e-01
-5.743014436630522468e-02
-5.347169070871071739e-03
4.692636040194320124e-02
-1.935759431931227681e-02
3.240440991978399410e-04
3.557237739917562536e-03
3.365850443585705065e-02
-1.057545700008937217e-01
-3.238791280379960114e-03
8.314217633789589001e-03
1.589105873400309399e-02
-9.990387615521867382e-02
-3.458837165789763191e-02
8.923525829395817510e-03
1.078670939907544479e-03
-1.459352782402145721e-02
-2.190342285755786378e-02
-2.441964396981965990e-03
2.120664775877045827e-02
-6.204140860881457442e-02
-3.923462976856662010e-02
7.644295162028580393e-03
1.709490092135790285e-02
