-7.339420844691724177e-02
-4.858264027513281569e-02
-9.139428695418727600e-03
1.562137201803359687e-02
-2.110664649971583096e-02
-5.639985617484022384e-03
-2.274437847373134147e-03
4.668133160778298318e-03
-1.938708592065063741e-02
-1.938657223608530877e-02
1.184675052867523171e-02
6.729779921379686058e-03
-4.560107351605569015e-02
-1.850604563123470214e-02
-2.497305243595482338e-03
2.730418261982059391e-03
-7.941695257300307453e-02
-4.313841054104017303e-02
7.720009921559300992e-03
2.440156182294761500e-02
-5.904356007888633684e-04
6.381173755923619240e-03
6.382455657878871591e-03
2.779307062272828865e-02
-3.805127686347931082e-02
-3.717826956354919332e-02
-1.812989168715550825e-02
1.971010895945424224e-03
-4.045935758759422463e-02
-3.959530871312066935e-03
-1.333557713157706992e-02
1.204104146707685175e-03
-2.388195989875097069e-02
-8.340796351324231139e-03
-8.340008539001741994e-03
1.028270068272973958e-02
-8.547466522182078918e-03
-1.968059643787678503e-02
-2.218707756253213148e-03
6.575968035671397871e-04
-2.667250374369345423e-02
-3.635121079012115786e-02
-1.082146844345133196e-02
-1.901156275124327166e-03
-7.554608403015672380e-02
-9.315455321922572196e-03
9.976328381342547402e-04
3.108228134705237622e-03
-2.110651628265580726e-02
-5.639033769573975619e-03
-2.275069800125706365e-03
4.666545024182289225e-03
-2.795319387405292844e-02
-3.256926399106818693e-02
-1.190158488251125135e-02
-2.489500036693348406e-03
-7.486349266525094137e-02
-1.163145536354326381e-03
-1.162645344898072253e-03
2.823404225910763898e-02
-7.941625649053629665e-02
-4.313846548484545629e-02
7.719845197902364120e-03
2.440146627149886172e-02
-6.107179645871729790e-02
-3.531242952457969153e-02
7.691048023803492839e-03
1.181526237482111164e-02
1.003102767428920572e-02
1.003165120123350462e-02
1.119188461515707722e-02
7.073265059640343466e-02
-4.045911731583173854e-02
-3.959361594513710614e-03
-1.333594247996905402e-02
1.203202510571266259e-03
-6.153490383211224213e-02
-4.941823576715975719e-02
2.162665002173302931e-02
1.631863146768641748e-02
-5.879890369581186604e-02
-2.102405714165689332e-02
1.319194364980247336e-02
1.319319006227237523e-02
-2.667340403491968992e-02
-3.635102139832047108e-02
-1.082159204731336644e-02
-1.901365147723543814e-03
-7.554719866904235914e-02
-9.315500130745446583e-03
9.971669665020943540e-04
3.107814427052657535e-03
-7.339496760185748592e-02
-4.858225441076080564e-02
-9.139504699853473468e-03
1.562204463182070846e-02
1.038245360260425798e-03
1.039340961424883858e-03
2.959002395839016586e-03
-2.408763281014136837e-03
-2.795296230595289977e-02
-3.256921287175607027e-02
-1.190103255776708835e-02
-2.489690658371124243e-03
-4.560132043751807807e-02
-1.850492945444304205e-02
-2.496251721596731699e-03
2.730202827628813722e-03
-1.355968703365317829e-02
5.668595153381472684e-03
5.669089965465889946e-03
7.994765940820158789e-03
-6.107016274532561795e-02
-3.531370218684881657e-02
7.691207937564614738e-03
1.181515717457615189e-02
-3.805103528474007568e-02
-3.717749548073312482e-02
-1.813007808513988905e-02
1.969929020575467149e-03
-9.675991474821232785e-03
-9.675359763964053172e-03
1.304248162070864581e-03
-1.150317885525664607e-03
-6.153624839581395278e-02
-4.941796095195405414e-02
2.162661922318398489e-02
1.631793854727292548e-02
-8.547154697620351627e-03
-1.968001971267163697e-02
-2.219288342683256587e-03
6.586658576559489831e-04
-4.738922109733811894e-03
-4.738683421317446687e-03
-4.116152517100957198e-03
9.556338576720113664e-03
