-1.082243789804300604e+01
8.580155276571858280e+00
2.567378769896407675e+00
-3.398226990878313813e+00
1.561947160884685104e+00
9.876608367512176301e-01
-1.634438096915076244e+00
-1.211345267468288966e-01
8.257757973622403824e-02
-1.585308588815195208e-01
1.307644454372933751e-01
1.573025234449517029e+00
2.932255792861425903e+00
8.136462603484773126e-01
-2.588391591936925806e+00
8.140164152680711140e-01
-2.588169092476050537e+00
2.389230348579616248e-01
-4.248077170530663693e+00
7.003959624826023855e-01
2.743395191209174300e+00
-1.247552337781996812e+00
1.939128216145292072e+00
2.061427139945806175e-01
-8.351098994396849662e+00
4.965168629846829162e+00
3.430021541104352423e+00
6.689659490289585619e-01
9.245354284757922869e-01
-1.558297791999649462e+00
1.334708344369659017e+00
1.335170713777571905e+00
-1.383843361237595104e+00
1.862439095181954940e+00
-1.773876743992403249e+00
-1.773468752240944468e+00
-4.802056476061579815e+00
4.761917614362019435e+00
-3.202064681502463372e-01
-2.938996231239954682e+00
5.455726062800749787e-01
2.091965220816661031e+00
-1.036052845068184070e+00
3.314568834726031810e+00
-4.851685924121028393e+00
1.765390237997650047e+00
1.029494242393838022e-01
7.449750892740496511e-01
2.348414173452198384e+00
2.348449664039975460e+00
-5.803747729563212943e+00
-5.295271345426186826e-01
7.637123152907747681e-01
7.633816921639891007e-01
-3.621399157594851204e-03
-1.512705918767807134e-01
9.690318104220523310e-01
-1.741987482832868750e+00
-2.273485003734236898e-01
1.022716378720787134e+00
-2.094353231247652047e+00
-6.705340527521315153e-01
1.710061858642745847e+00
1.215929284110600861e+00
6.607226976421145537e-01
-8.219257000670410207e-01
8.692072854204312193e+00
-6.031706672405448444e+00
-6.113749021196682065e+00
-3.711790548276852064e+00
2.396676162871031579e+00
4.660206221077032751e+00
-1.634424347913636666e+00
-1.211797314179960949e-01
8.256309733525313277e-02
-1.586544609469342504e-01
1.305081866446755612e-01
1.573438852668161303e+00
-2.075075584474220136e+00
-5.989125114351878665e-01
9.050705688017330885e-01
9.342164972739794848e-01
7.055707880774946261e-01
9.184569170122358628e-02
-4.621021752337171051e+00
-4.621009963431205847e+00
5.710632594515701044e+00
3.057605882252005358e+00
1.311476083214131449e-01
1.309722728645965617e-01
-8.350935934746374301e+00
4.965187949814449553e+00
3.430081815114775168e+00
6.691021895108946183e-01
9.242352570109915177e-01
-1.558374338498069278e+00
-9.169658261968493207e+00
2.598757923224596311e+00
3.471358608283296121e+00
1.423134932432660094e+00
3.427388551178026432e+00
-1.955932905915474862e+00
3.103819264083966800e+00
4.432265468005596176e+00
-4.646765557421588255e+00
4.432351544045076253e+00
-4.647008382416800032e+00
-4.712464847871004281e+00
-1.035845965213056274e+00
3.314579304820526318e+00
-4.851800878815552664e+00
1.765257952163636901e+00
1.029383912001833323e-01
7.450174944585512549e-01
-9.889393169717294541e+00
4.012393509049047680e+00
4.802340286131538960e+00
1.915677271929737913e+00
1.319543272116646904e+00
-2.016411037314512100e+00
-9.634149953563166946e+00
3.159493778898834648e+00
3.159688005046007220e+00
2.679425598426163901e+00
2.679137373461657035e+00
-2.209231371210904626e+00
-2.094585221957032672e+00
-6.705316132598539980e-01
1.710210610049941238e+00
1.215850306099909517e+00
6.610036420976541649e-01
-8.220499947808548313e-01
8.692167937680125078e+00
-6.031593548058580723e+00
-6.113766013920127307e+00
-3.711749208704731018e+00
2.396783928310554757e+00
4.659846686520353387e+00
-1.082235589350491978e+01
8.579937699483664915e+00
2.567435528147569812e+00
-3.398040310457631108e+00
1.561919918771494054e+00
9.876074492728719179e-01
-8.153179843029079166e-02
5.248949208052948734e-01
-2.053186214008206889e-01
5.246152399384840237e-01
-2.053119945535684110e-01
-6.125932201206438776e-01
-2.075084531006325506e+00
-5.988844444541427947e-01
9.049331370543285402e-01
9.341801085177365849e-01
7.054775187108788259e-01
9.208104606499034617e-02
-4.248120783729305572e+00
7.004248871830611733e-01
2.743429547600626961e+00
-1.247600343863211947e+00
1.939130657295905280e+00
2.061662647379449709e-01
-5.180595749149716767e-01
-5.179952269124612485e-01
-1.235381936426165339e-01
-4.178584447645050659e-01
7.532411003037253749e-01
7.534504187267430098e-01
-9.169274198654377983e+00
2.599156572903481788e+00
3.471878012761024479e+00
1.422713987402204339e+00
3.427164809902080833e+00
-1.956547055972180260e+00
-4.802056476061579815e+00
4.761708184707771352e+00
-3.198843403651494555e-01
-2.939121546916894090e+00
5.457904312382453327e-01
2.091781251020208288e+00
1.244110579400057759e+00
-1.334658810579767874e+00
4.750665297288776401e-01
-1.334363032587887687e+00
4.752074520904443489e-01
5.194773942338599682e-01
-9.889351753636674403e+00
4.012114082854836283e+00
4.802308540157653738e+00
1.915741826838825546e+00
1.319613181998391838e+00
-2.016270236724309939e+00
-3.488106444294203357e-03
-1.516414153904293016e-01
9.690996319531848258e-01
-1.742068736018140385e+00
-2.274731899758393183e-01
1.023085219140369873e+00
-1.470219671573431697e-01
-6.662837898507376622e-01
4.788025239817130796e-01
-6.660117788675563588e-01
4.786815580077785626e-01
5.805455858708228334e-01
