-9.464489993310209570e+00
4.173263808191094881e+00
4.490385529188401392e+00
6.692516881635839354e-01
6.105949614150318894e-01
-5.497641015850973645e-01
3.627135072020450934e-01
-1.041970233880533669e-01
3.262985149059716150e-01
-4.650843406010523040e-01
1.807401896337523795e-01
-3.509294131449536280e-01
-1.301525441152847407e+00
-4.561944273039273412e-01
8.850599087733428405e-01
4.347760045545783214e-01
4.552227822823340375e-02
3.430038319098116517e-01
-3.806263860238516372e+00
-3.799062366768055199e+00
4.415703635221717605e+00
2.907571888785895453e+00
2.181386027567100427e-01
-1.067242190609221097e-01
1.675326567144011847e+00
7.562673648211557520e-01
-1.920557719082552239e+00
-1.404207960635517338e-01
-5.326938060854047308e-02
-3.275711872371829259e-01
-6.200768604701067943e-02
2.989461592308373383e-01
3.561554003379256983e-01
-4.703647626888027844e-01
-2.824328626091840988e-01
1.152339885694999566e-01
-1.305246521876483712e+00
1.311678942752422472e+00
-5.191453282508149414e-01
1.416523189515288550e-01
-2.302591062009042844e-01
5.094038582797821846e-01
4.892438790022595185e-01
-1.037892238626440644e+00
7.833234729027651611e-01
-5.985519113606727615e-01
4.807410154954823156e-01
-8.012366409258220301e-02
-7.031403024516180267e+00
2.678761997917689541e+00
3.839741250705145603e+00
8.955566560299388357e-01
1.102368103308833724e+00
-1.360540300422016458e+00
-6.090019093715170584e+00
2.383242912401769331e+00
2.291131781749072616e+00
1.528770489359089879e+00
1.301893514240177296e+00
-1.554057060258671186e+00
2.033596717086822991e-01
-2.490279696062884796e-01
3.081851658036640629e-01
-1.646753514396408491e-01
1.368806154036832368e-01
-2.265684354032799774e-01
9.540360201317952260e-01
-7.137607918779593774e-01
4.136264587834403983e-01
-1.199691706530941815e+00
3.031756152285112194e-01
2.751729269633216290e-01
-6.640570952008758354e+00
3.286740600202861629e+00
3.480979952698689317e+00
5.826976010961146812e-01
7.185781347396016372e-01
-1.351122246063923171e+00
-4.763499285964201135e-02
8.806597543835437136e-02
6.020062891710153963e-01
6.846445023731462243e-02
-4.919077297861207398e-01
-2.436714818994687448e-01
2.528385950600338106e+00
2.225139473399920576e+00
-2.391088063350721882e+00
2.319988383515365626e+00
-2.214165158323879723e+00
-3.269589663545446001e+00
-3.476902353130071788e+00
-3.315549139767981046e+00
3.960231954235666763e+00
2.353206397071318179e+00
1.330658896495293675e-01
1.800582419777754239e-01
-8.666085168433767194e+00
2.228851771182903008e+00
2.013345862277816423e+00
1.238886404318549239e+00
3.075184312392906349e+00
1.586685444466695571e-01
-4.927711326391488456e+00
2.872592746460824742e+00
1.587246849366650281e+00
2.551452821446915209e+00
2.586338548701405671e-01
-2.391011567124209591e+00
-1.249324954800698606e+00
-4.603368217415777508e-01
8.957495410386826507e-01
4.122002182962916095e-01
5.620652764558542458e-02
2.991892037185550635e-01
-1.742147427480929878e+00
1.033052530902452304e+00
1.781553055020168586e-01
6.380833908436187585e-01
-1.061965884807705152e-01
6.581923362251984599e-02
-6.267577016799819489e+00
2.539881304713318855e+00
2.232841656022017673e+00
1.470262206245223524e+00
1.356397880211574147e+00
-1.488257400365952776e+00
-2.139347796894355724e+00
5.076705002600760963e-01
2.496530799108143128e-01
-2.875825675855026020e-01
9.116353979482738623e-01
6.605862275375500303e-01
-6.088113974778593729e+00
3.969953142642992816e+00
2.184397980751185742e+00
-5.916705772065540714e+00
3.306162208188140994e+00
1.622268647654493634e+00
2.106627044872666943e+00
5.882964895087212653e-01
-1.529556109331323910e+00
-1.311990113580918660e-02
-2.507384104562930816e-01
-9.685098404807064298e-01
1.143010627734724949e+00
7.170821579076829266e-01
-7.297982780561511618e-01
7.865664292723977269e-01
-1.730777204024832372e+00
-2.177541797471747032e-01
-1.367567017865553680e+00
-2.693084365067477393e-02
9.976991173207068186e-01
4.051393250723691608e-01
-4.117347960456640976e-01
3.255784579194624939e-01
-1.757034234049243082e+00
1.004335564454422070e+00
2.307614080556135150e-01
1.077179630467909988e+00
-4.045862996594280503e-01
-7.329783589328542348e-02
7.327967661146459477e-01
7.685898632194323454e-01
-2.803216829622527939e-01
7.520302486574905743e-01
-1.802163478237503114e+00
-2.208656370952155612e-01
7.414061878264988081e-02
-3.028967998117622074e-01
4.281779393288331903e-01
-1.861222358773773067e-01
2.410442267441226250e-01
-2.368644132563701987e-01
2.197732462933970510e+00
-1.316323203871661462e+00
-1.202087325195009271e-01
1.310976233720083428e+00
-1.872427997554922285e+00
-3.333162157120597158e-01
-5.516650780242869700e+00
3.947367173658676620e+00
2.755294112085707070e+00
1.925605437307297052e+00
-1.913205564493694055e+00
-1.126977025121448150e+00
-1.626251076167761767e-01
1.765809069371471196e-02
6.495151925576010399e-01
-1.066027307486194786e-01
-3.540601044597906366e-01
-7.670207108488114045e-02
-2.522458085722263377e-01
1.281531097896774440e+00
-1.873954648196132666e+00
8.341706497260190645e-01
1.197331477107326236e-01
-2.417679380868804628e-01
1.275509094539330590e+00
1.423771425454958717e+00
-1.018668282191129038e+00
-1.244575431682477529e-01
-1.519136657629246656e+00
-2.258528206468923827e-01
