-8.181997471272239864e-02
-7.881983871421471832e-03
8.742929834367751951e-03
4.118568487233797981e-03
-3.777138339118302213e-03
1.509432053162784726e-03
-9.542991212377449628e-03
6.736669553171870106e-03
-1.529212293255111099e-02
-2.728128634405058150e-02
-3.372903486259071215e-03
3.202408533252265599e-03
-6.560294702038671488e-02
-9.051678373861449245e-05
1.216692706847100069e-03
2.686462663123423411e-02
-1.114984726313550389e-02
-4.861828305358084634e-03
-9.090421076381582921e-03
9.453299135261383768e-03
-4.535102185788675300e-03
-1.056108049237680646e-02
2.471386747309400889e-03
6.192354164777258418e-03
-1.914372868830893637e-02
-2.768313123026122646e-02
-6.738665324188541916e-04
-3.686517980971970587e-04
-1.124433406234826016e-02
-8.369234650542400900e-03
-9.732318591606503588e-04
6.179835576604730818e-03
-7.164556618573136859e-02
-3.765632933705065355e-02
1.729148744188724329e-02
9.876075253883787042e-03
-5.062218293964049209e-02
-1.293700074629544616e-02
1.066687949176081673e-02
1.766404688833578263e-02
-3.565292929120111864e-03
-2.951899610633246240e-03
3.541954706358207972e-03
-3.196569771072965693e-03
-1.150123240287848070e-02
-7.812573402404154876e-03
-1.537497133845988628e-03
5.255131522646561137e-03
-7.180117911636796357e-02
-2.905277794285621162e-02
1.867256756084412217e-02
9.881468850654107072e-03
-1.867353687627693049e-03
-1.207923943033528680e-02
2.671560245821380519e-03
5.644289521715917246e-03
6.154500373210636255e-03
6.163248392333287029e-03
1.381356711822334660e-02
4.555375265901107085e-02
-6.423781476500511900e-02
-3.017065598855950270e-04
2.019097477415021658e-03
2.737580444221920928e-02
-4.485026264923197559e-02
-3.912446432226501791e-02
-7.529386351283529066e-03
-1.699135099120896442e-03
-6.067526290906966047e-02
-1.815991483166889964e-02
7.365517838245461135e-03
3.245428187556731459e-02
-1.678920490135116239e-02
-2.625447817416826091e-02
-2.667384855880916561e-03
2.245350831859171947e-03
-8.274392811272290871e-03
-3.843561368163772585e-03
-7.636403158615134856e-03
6.407199231416971230e-03
-5.061867160471367200e-02
-1.182502102622762230e-02
1.203434072868070359e-02
1.613378554616762273e-02
-2.538145153628090789e-02
-1.252587762590362530e-02
-7.191926333817377781e-03
-1.172322862696972834e-03
-1.497317015234544968e-02
-2.374358021322886536e-02
-2.511735095825029518e-03
3.047090329682866638e-03
-2.435521614619506892e-02
-1.204440160278585914e-02
-2.480925428330227334e-03
1.207107519816164043e-02
-6.645010879437363016e-03
-1.834414471786471879e-02
-5.979347908672938416e-03
2.295156959286392961e-02
-1.927561755785101028e-02
-2.970181792536474852e-02
-6.183069784850392381e-03
7.257339524130212993e-03
-5.506109858982588534e-03
-5.041181755669033038e-03
-1.042458583789729332e-02
6.980636328797640289e-03
-9.124200671631887971e-03
-1.607320067053286117e-02
-3.096182755569998335e-03
2.687548898249736418e-02
-3.644668606080259110e-03
-3.539484587535168814e-03
3.433561599528234254e-03
-1.164561901346727879e-03
-1.988570755455554284e-02
-1.043151117690599428e-02
-2.736549813683764043e-03
1.295248098292800520e-02
-7.791917644380097485e-02
-4.838482555852907652e-02
7.933199464242202126e-03
2.429222479570514182e-02
-1.636082203905431243e-03
-1.234757061661828637e-02
2.902835647600188196e-03
2.931180505441055573e-03
-1.682450010681568742e-02
-5.839797888559594696e-03
-5.176434292049059138e-04
-9.666316617536807598e-03
-2.352953305916538618e-02
-1.519638874412887475e-02
-3.429504443473785358e-03
1.198137785612995998e-02
