-6.848290104596688188e-02
-2.882672411619013886e-02
-1.140925143620319382e-02
1.628414683703605093e-02
-3.469733835572741398e-02
-4.165097639439108157e-02
-4.982744864481247760e-03
1.487205590961671042e-02
-6.112793011063799575e-02
-2.219917560399475853e-02
-1.674478809275381508e-02
3.855642006828863266e-02
-2.778316143796666360e-02
-6.519029050226388122e-03
-9.936377159458498198e-03
3.575198806320889489e-02
-4.827169713410572882e-02
-1.671308695105677700e-02
-1.588422949031276232e-03
1.554345731049400214e-02
-4.218233014286765226e-02
-3.156894762945317012e-02
-3.955294525563313179e-02
1.128782787257742726e-02
-1.141572906503844909e-01
-1.216317416429424370e-02
-1.084019438697758630e-02
2.719770320914305373e-02
-7.155312001050551096e-02
-1.888586103238076852e-02
-8.072875813614377449e-03
2.111721771044328122e-02
-4.487105521815970555e-02
-3.025077634942041627e-02
-1.588746564745724399e-03
-5.785127604458928374e-03
-4.799233363450317036e-02
-3.267899001877738741e-03
-1.445971221234421122e-02
5.939012942795862671e-03
-9.498635232085206326e-02
-2.498406230173633169e-02
6.545692820307813520e-03
2.138211307801007877e-03
-4.913480427634997483e-02
-7.422664478801133114e-03
7.373289891725587353e-04
3.031052593421623698e-03
-7.283070221815712841e-02
-1.428839394283842879e-02
1.708427146116053841e-02
1.746582070707280998e-02
-1.184110610743791536e-01
-1.640444976863553173e-02
1.246372206117385417e-02
2.569471445522708564e-02
-3.197893549024377613e-02
-2.918769291140521638e-02
-2.745271360658829707e-03
-9.083809048716862122e-03
-1.077240335935563120e-01
-3.711436463698336574e-02
1.077680350480547666e-02
4.877403219244058619e-02
-5.864636259648436933e-02
6.033477923011787425e-03
-4.400923392970268466e-03
1.264688262497815074e-02
-2.717905624636163253e-02
-1.460882099171145754e-02
5.391358521191991215e-03
-6.780741703725556846e-03
-8.259095013978012823e-02
-3.866330754625102450e-02
6.963569199991415104e-03
9.631188298127701941e-03
-6.472391922498155203e-02
-2.883253027481202935e-02
-1.629551897188186160e-02
3.020815171599222637e-02
-2.963416551227204820e-02
-1.429802703491733773e-02
-2.193098900557011177e-02
-9.090141778682170326e-03
-6.842633304687506524e-02
-1.243709887170707518e-02
-9.425525019007841010e-03
8.466588426276677737e-03
-9.022862934525832657e-02
-3.731233944940637315e-02
-1.456027570457041342e-02
5.097665414608343326e-02
-7.282795964466015626e-02
-1.386914565511965236e-02
6.179108743065597764e-03
1.369131008729462806e-02
-2.241815388595691516e-02
-2.178205211186856616e-02
-1.274950397751606346e-02
-6.876526469352217674e-03
-8.582331717905744561e-02
-5.499888340188552327e-02
-9.130375938777524070e-03
6.645868645133967689e-02
-5.789824730406656350e-02
-4.959864082133513818e-02
-1.717155021624039435e-02
1.723828362204882225e-02
-5.996889567767293983e-02
-2.491744029074971500e-02
-3.043272557201381900e-03
2.088090344362392159e-02
