-1.896803679789400121e+00
-6.152131962949169974e-03
3.288824020320589625e+00
-3.441700380007688409e-01
7.251206707670831975e-01
-1.904239812481989702e+00
-9.289225435350516591e-01
7.993218044037888603e-01
1.191476688651277982e+00
-4.643522397197585860e-01
-1.117119267275441530e+00
3.577044898448207277e-01
4.079832429673189154e+00
2.526157377701281348e+00
-3.919786183636205124e+00
1.104008496477916879e+00
-1.902231809922014349e+00
-2.192856945610529351e+00
2.044521041883001544e+00
3.502927016432693108e-01
5.164420313255106976e-01
-7.853725360144210299e-01
4.475258871056269072e-01
-2.850725680354614155e+00
3.924486538466894103e+00
-2.282233302529391494e+00
-5.436393889573594151e-01
1.857212890061489929e+00
-1.595810287058625931e+00
-1.686786586513733255e+00
-3.687436365447908315e+00
3.943351771769115999e+00
-1.223120866644748617e+00
1.572546580045738551e+00
-7.969319501045077914e-01
2.822508010006572476e-01
1.021936629215360881e-01
5.303165054029861381e+00
-1.874258237724632181e+00
6.766434243120187375e-01
-3.109466653597110053e+00
-1.226343738505434544e+00
5.623282625107293597e+00
-2.840800401210998416e+00
-6.622075571618495360e-01
1.966912375072638497e+00
-2.005983765889098436e+00
-2.635651791261039989e+00
3.817613082600104235e+00
-1.616293333879454508e+00
-1.068436614776317128e+00
1.515246484670853988e+00
-1.143062045826539475e+00
-1.868129788059889052e+00
1.305711898188079090e+00
1.497396697355682704e+00
5.726525269438553778e-01
-1.072352392708353364e+00
-2.340461610309048979e+00
-1.940410399454606249e-02
6.198878539391529330e+00
-1.500309363421564512e+00
-2.110753530987793170e+00
1.399749769697578472e+00
-3.881375319098793852e+00
-6.808502126704780721e-01
-2.873369819850196905e+00
-2.603399039684958893e+00
-2.607533970610660390e+00
3.519814272598139837e+00
3.313668363145367834e+00
4.124591802991375289e-01
5.263738376031625421e+00
-1.009480113160321935e+00
-4.647913802952956530e-01
-1.931214049153595624e-02
-1.145285297260699053e+00
-2.713184823694930969e+00
-8.514776257810865445e-01
6.113623569937132629e+00
-2.050382333255001299e+00
-7.118527716184388510e-01
-1.967409343478493611e+00
-9.568177712480547825e-01
1.411422397728003375e+00
2.323439313387467564e+00
-2.567018047230106959e+00
1.207885055028455668e+00
-1.903691212023502999e+00
-9.311594286602371540e-01
3.453462022735735104e+00
-2.184940814558871125e+00
5.431257252307659655e-01
-2.711687791856874696e+00
9.308792390688154228e-01
-6.694113374126686722e-02
2.909362831888330447e+00
-3.037968801283099651e+00
2.665875187820390124e+00
-1.318509834945828629e+00
-3.762104172690072801e-01
-1.313205819184048551e+00
1.876262224386920252e+00
2.404318379645502546e+00
-7.574365133451124166e-01
-1.260079012397483211e+00
-2.026419572922435464e-01
-2.320463739948152693e+00
5.466083553593861666e+00
3.970074207296178770e+00
-3.042455654119009978e+00
-3.443906713874852699e+00
-2.383702602969378859e+00
-8.239582719676832312e-01
-6.005743149541814319e+00
3.271657635008324405e+00
1.923623960768040320e+00
2.340323758330129067e+00
-2.723946017700598077e-01
-1.103235643779413522e+00
3.287399112850437177e+00
-2.575322611034934539e+00
8.351445247055693244e-01
-2.806968049133004683e+00
2.708893749575011611e+00
-2.202874454953430927e+00
6.014406226164595637e+00
9.000902133111310377e-02
-8.556717297169598169e-01
5.188059887104543577e-01
5.134425767361250337e-01
-6.762681536482730849e+00
6.307793338067170907e+00
3.320000451537524100e+00
-4.982191294575201823e+00
1.427769658809992848e+00
-4.751115322911772409e+00
-1.997322094869659281e+00
-3.080324721004657818e+00
3.885378449206683626e+00
5.495019697031295891e-01
1.137305432131014982e+00
-6.884020279644573748e-01
-1.947086796598554770e+00
-1.248934785698153860e+00
1.761192769931895441e+00
-2.001246355713377056e+00
3.014641943810488556e+00
-1.170268803474954211e-01
-1.715076465555895879e+00
2.713005755719990475e+00
-6.163106306763665998e-01
2.297411656994000850e+00
-6.794459394257046370e-03
-3.409351075878220172e+00
-1.088656166937298053e+00
6.860021851029898698e+00
4.442741241221810355e+00
-5.315290816381974537e+00
-3.054313140682438643e+00
-1.863078569563796805e+00
-2.029024811531527916e+00
2.853113333399235785e+00
-2.834463733937184315e+00
2.447345430845089709e+00
5.145904730302532926e-01
-4.666399698435839127e-01
-2.521969410689493429e+00
