-1.512309293774476426e-01
-4.650024076397407669e-02
-3.145933789783872392e-02
1.810703106286903896e-02
-1.015701685758461092e-01
-9.503795098544309816e-02
4.422243584856211385e-03
8.954090831798877659e-03
-1.540734785150834618e-01
-7.211854003923767742e-02
-4.987847002884526759e-02
1.254932917540796389e-02
-1.333396710179644007e-01
-7.163386485458822506e-02
2.425940888479205526e-02
7.712404102298253683e-02
-8.216724709106904001e-02
-7.398839640056453781e-02
-8.289094399602525698e-02
-5.214388447468576437e-02
-1.411482049729810839e-01
-9.597583403030518490e-02
-3.311032595704976877e-02
6.514562272481350114e-02
-6.407133861716296508e-02
-7.333262110170579717e-02
-3.598982842638198676e-02
-3.198008364642856982e-02
-1.385224414125985071e-01
-8.461397791201763496e-02
-8.446879112914285059e-02
-2.285416151164487708e-02
-1.603252041053391252e-01
-7.195871421521715661e-02
-6.958138871835028993e-02
6.068973924140030896e-02
-1.097807283040066473e-01
-9.830314125868455655e-02
-3.885449615433045345e-02
4.164769645929333741e-02
-1.517354696405484038e-01
-8.406984173886100642e-02
-6.923847522606774163e-03
-5.051290632407390291e-03
-1.421641485270344063e-01
-1.507816520297997620e-01
-2.474984224616383344e-02
-2.127192247212583709e-02
-1.039545115348294857e-01
-9.712846412473696844e-02
-6.387529183805118471e-02
9.136964053929585994e-02
-1.081279134765671390e-01
-9.438072445009004774e-02
-1.720934536586238295e-02
2.506099266375749757e-02
-2.032403772116886387e-01
-5.645620105521853560e-02
-5.634395374587786165e-02
-3.985408783300403712e-02
-1.080894491414656766e-01
-7.760911528068725751e-02
-6.995768373678057372e-02
6.771738083958900312e-02
-1.494956297813492263e-01
-1.320387750968168294e-01
-4.478215379852823474e-03
1.019933844587896932e-01
-1.409642418980316947e-01
-9.904297302316211749e-02
3.684335115965065022e-02
6.693953905451111019e-02
-8.766043301514958586e-02
-7.674596423528678990e-02
-4.775809707475286991e-02
5.316244086750621101e-02
-1.683130095992710906e-01
-1.172459439536557291e-01
-3.401937757801976048e-02
-3.003595626178245936e-02
-1.459419852360268610e-01
-1.283619017340618118e-01
-3.036719016409072935e-02
3.785147757958706727e-02
-1.370600791525784512e-01
-1.131774486297303373e-01
-4.762770622042888924e-02
1.136036182238122638e-01
-1.237802442629107880e-01
-1.228525410724676803e-01
-7.312307933227568668e-03
3.030098155264826509e-02
-1.468971882858769451e-01
-1.424809794379056083e-01
-8.448229747848423621e-02
7.155749503010144785e-02
-1.302613019810263673e-01
-7.033535350995867574e-02
-7.675206215623675554e-02
-5.426145357117495571e-02
