-5.994710095174497155e+00
7.769398985092223597e+00
-2.433387589970450904e+00
3.633919909007659044e-01
3.634478661668651966e-01
-3.117765229496285428e-01
6.647140906232351654e-01
-7.318073908813559569e+00
6.470830584635180571e+00
6.765947862876330987e+00
-5.438988380456351024e+00
-5.625462925759734389e-01
-3.629556470295526083e+00
-8.280471201507282331e+00
4.223323393242935708e+00
1.155516908225594364e+01
-7.215751931369709382e-01
-3.018423079585332403e+00
-3.763178180060478439e+00
-1.077313698579018819e+00
8.294201738153091696e+00
-2.170371451261331686e+00
2.735620632011006137e+00
-4.861725239812017207e+00
-5.010434512740559398e+00
-1.472638991236578931e-01
9.321951811729448423e+00
1.229221027649654729e+01
-9.871524224379612633e+00
-5.637955363330604541e+00
-2.730635000767946963e+00
-7.880588319595332791e+00
2.709974559546992623e+00
8.787385429491976652e+00
-2.256297328015577364e+00
1.441041325406246187e+00
1.134001695620966643e+00
5.678104018245306861e-01
3.340089796979029302e+00
7.805262686128259020e+00
-1.528753152700456042e+01
1.451121764323360708e+00
-8.340650955610726669e-01
1.444728213034051123e+01
-1.110435528102468083e+01
-7.357559157523425597e+00
5.160998373423794305e+00
4.824823011537660022e-01
-1.038977587702125049e+01
1.079049732897689751e+01
-2.278485351305221229e+00
2.767096227314269186e+00
-1.287224823735556356e+00
7.720227833684134566e-02
-9.237791187394080339e+00
2.985960226553189045e+00
2.195633216637972396e+00
2.944360789419619095e+00
3.381606196493152083e+00
-2.042920329128065760e+00
-9.362451982495187508e+00
9.225858461209099914e-01
-2.305732653652313502e+00
1.598261282397288596e+00
4.333400315545461012e+00
3.406926756446935656e+00
-6.439097158428737089e+00
-5.412456784669416265e+00
7.642253784483102663e+00
-3.856862979173044437e+00
6.971567680581642890e-01
5.671238358765606336e+00
-8.075724783801305762e+00
1.698313598047718642e+00
2.514021735183391115e+00
5.938164686154294714e+00
1.632877004902468343e+00
-3.354714840032954726e+00
-8.725919435473656449e+00
2.590709056810936772e+00
5.346017762699730724e+00
1.192807376217587034e+00
2.867337771180501704e+00
-3.139877837510482550e+00
-3.640456359359660610e-01
-6.671058179989273640e+00
1.092201401739743005e+01
5.294831003554406834e+00
-1.557768827215674889e+01
6.838878757763836802e+00
-1.848754542193503880e+00
-2.476348545139273938e+00
5.688388551015179928e+00
3.704009027346941707e+00
2.125462430161263683e+00
-7.536532674788432473e+00
-1.068823527588878619e+01
3.992717438522248585e+00
2.705514011992036671e+00
7.358511224964516373e+00
2.202244552969943925e+00
-4.991552519040510560e+00
3.117056708413230126e+00
-1.944437633797232934e+01
1.438772696591972533e+01
-1.629438020912577656e+01
1.032013054581506140e+01
-2.088619587192114579e+01
1.396224649846161014e+00
3.607519469326575745e+00
7.320457318345020781e+00
-7.002715042020497549e+00
-8.306940365789770908e+00
6.412649085482513556e-01
-3.189102492507487341e-01
-1.690423670251007593e+00
5.119475946814617373e+00
5.105029883817465475e+00
-1.079232049980718955e+01
2.713424344268574373e+00
1.848125344032780504e-02
9.349629167173375777e+00
-1.968925341858296463e+01
-6.919714658121861817e+00
1.324148159544613179e+01
4.225968281852885866e+00
-8.801420894498917846e+00
3.917576991506976469e+00
3.501090539311235261e+00
1.546818369243155189e+00
3.622970192023146296e+00
-3.497839894686592288e+00
-3.601774576784151805e+00
8.922700587042115217e+00
2.709252769816814066e+00
-1.449528615437384360e+01
5.704361615113711537e+00
-3.637666430240784621e-01
6.270224635479166864e-01
-5.392465938914625667e-01
3.479828847738559716e-01
1.463589594412013639e-01
-4.915549815244062870e+00
4.058952282351143026e+00
-8.273611306879985250e+00
-1.047313013744599175e+00
1.038215720839200173e+01
-1.651088266249017522e+01
7.873710960218517130e+00
3.358451318187036350e+00
