-9.537741915186671804e+00
7.179900083300765345e-01
7.681535118963012110e+00
4.135361007281332490e+00
1.852766149202011547e+00
-4.493351743995447123e+00
-3.880048941864700396e+00
1.803196837797855778e+00
-1.984310674962912913e+00
-1.799536688218211111e+00
4.519677233688653928e+00
1.084966984203376228e+00
-9.018012770271909062e+00
3.144506037566713985e+00
5.075553649060339012e+00
-1.378613837454182089e+00
-1.968942416098556691e+00
3.426788826720070347e+00
2.094697406971960163e+00
-1.385135663695976405e+00
-3.755209512620609758e+00
4.158574797492008202e+00
-1.803599867809296597e+00
2.774806317515583487e-01
-9.948471186486031570e+00
7.506862835696637148e+00
-2.351706447696244595e-01
4.475267378566627485e+00
1.701174697623741849e-01
-2.284303692789151796e+00
-8.904941446417012685e+00
-2.790130235251979229e+00
7.926663476742092485e+00
7.815726207951456672e-01
1.729041409365223103e+00
1.190418344296602982e+00
-7.015291320950254317e+00
-8.736695734982902195e-01
5.633926441022097720e+00
-2.886033650783417670e+00
8.773445861830424519e-01
3.873355181421516136e+00
-7.770236322739222601e+00
-2.794580327315387080e+00
8.358427303876752035e+00
-1.342802335131636937e+00
5.872239017404794481e+00
-3.215485010977189972e+00
-3.189503348439302499e+00
7.923940222194815419e+00
-4.419791424538075830e+00
-3.029516466262535346e+00
-5.355559644196290492e-01
2.596022307817634101e+00
1.165675465524117271e+00
1.697413613247647390e+00
4.792325587183228208e-01
-4.962478477204925298e+00
-1.067446115536370144e+00
2.662233026839743388e+00
-1.366875851734926073e+01
1.187816338987830989e+01
-5.527720088141904853e+00
-3.560934805344672327e+00
7.938718196345107003e+00
2.238296907971516703e+00
-1.229203664617926961e+00
-4.097743571232484783e+00
6.772760146259670933e+00
-1.228584569500654311e+00
-1.372406489289971887e+00
9.980808439527066867e-01
-1.510877815092263177e+01
-3.546880150302911261e+00
1.207623330150548213e+01
3.798096571663464260e+00
2.383938259967592899e+00
-5.781659777357219809e-01
-6.823976220255815406e+00
9.475173480428225048e-01
5.007188002538967453e+00
-2.240480638471893826e+00
6.744404815432432088e-01
1.481614622731555642e+00
-6.160191968383927019e+00
3.474781566698496249e+00
5.202837989733069435e+00
-6.403844534125653354e-01
-7.381253783281493952e-01
-1.766258383543885202e+00
-1.854898643918204471e+00
7.468613037330342763e+00
-2.823075620042956757e+00
-3.253196665050850811e+00
3.533541459999838708e+00
-2.972990862081033470e+00
-1.021108704349646246e+01
1.056867662986309142e+01
8.959333599777323798e+00
-3.498734955872023988e+00
3.078812343850600541e+00
-9.099623157954084718e+00
-1.369834501733537024e+01
5.255797739952043912e+00
7.329205474279106625e+00
8.110933872885226492e-01
7.580591985460543469e+00
-6.457235909132180041e+00
-4.941460435718113331e+00
-3.270519468924774742e+00
-7.565122057592077454e-01
6.150824960146607623e+00
-4.891601393749738236e-01
2.358215027114226814e+00
-7.866591464902512598e+00
-3.306647121656141053e+00
2.031120793970131899e+00
-8.224380113778124723e-01
5.091543230689694610e-01
8.450745417632631984e+00
-7.803076730948404816e+00
1.234689873375384650e+01
-1.212436206667462102e-01
-8.915690879570846050e+00
8.511842476306270555e-01
2.608436538221567957e+00
-1.214239283086845944e+01
1.977957714943130441e+00
7.560197617426851480e+00
2.180529832939257062e+00
4.834922278324896183e+00
-4.238244859138163179e+00
-3.236483476829022266e+00
-4.412716059964068904e+00
4.869285693961941774e+00
1.358148467669707316e+00
-4.282044509158325241e+00
5.182537602825277645e+00
1.163802416683182628e+00
-8.048317817661825302e-01
-1.036493833468860259e+01
-3.360616489191940559e+00
6.617866033151784677e+00
5.925147487621202913e+00
-9.252706544213666007e+00
8.615641502253254203e+00
-3.056218174558864575e-01
1.130705102470382428e+01
-1.469984591939393681e+00
-9.930891444023757231e+00
-1.037298904183795401e+01
4.173744955422222347e+00
-3.703149780350315723e+00
3.332935156670231436e+00
6.917084639374536437e+00
-4.123383404555198695e-01
