-1.317041555621616400e-01
-5.712895349688684732e-02
-6.562458256391945355e-02
3.982736386083018942e-02
-1.311956524172999128e-01
-8.423642840100842299e-02
-2.310526186108896596e-02
2.473896081394810764e-02
-1.073917152983161483e-01
-6.943144130139500270e-02
-4.480214233311796690e-02
-4.019638414056547759e-02
-6.595362343548760720e-02
-6.051079911114420895e-03
1.999495419191532619e-02
3.560472309403772684e-02
-1.138286966320649629e-01
-9.184672823258743790e-03
-3.452821683372464534e-03
-1.518200579212924950e-02
-1.173708527380032951e-01
-1.012448472553872936e-01
-5.518484796774991707e-02
-6.069027695350492912e-02
-1.675542436724088979e-01
-7.028937278186386806e-02
-7.002556491734757138e-02
8.584917251883261713e-03
-9.456473736260551100e-02
-4.506421992603693027e-02
-1.862776809436827996e-02
2.615885937742090661e-03
-8.264212756983169150e-02
-7.817185121007219628e-02
-3.381239517501044567e-02
-2.299035820720907175e-02
-1.102110070168689226e-01
-6.228426625300520492e-02
-4.127454890531678799e-02
-4.523776329234441285e-02
-1.361635681212900462e-01
-1.007609636905830719e-01
-5.311412299612650045e-02
-2.253477776878742844e-02
-1.049032998780965453e-01
-5.459182144319596475e-02
-2.768488419593295724e-02
-1.742033198521464321e-02
-1.429274317378661507e-01
-1.298878394284030957e-01
-5.299244404041836276e-02
4.783600691452560838e-02
-1.099348937115773861e-01
-8.719360718847246616e-02
-7.380658704340326004e-02
3.506426623914249419e-02
-6.918862936730740820e-02
-7.736381014161564096e-02
2.415506549752333143e-02
3.936371564815432933e-02
-7.201769744529262773e-02
-5.484046306525103276e-02
-3.727012924977901598e-02
1.231314086806101216e-03
-1.426520377267572748e-01
-6.185413075603185540e-02
-7.438113542115210031e-02
-1.490726498858019333e-02
-9.520733039065643055e-02
-8.135436252447059147e-02
3.841064244208602929e-03
-1.276140353891896950e-04
-1.033201481125598509e-01
-6.859786014835900225e-02
-1.654660614107461569e-02
-6.869878431235765248e-03
-1.234999447671767392e-01
-7.947846403153602246e-02
-7.536421990472996768e-02
2.357508021204868243e-02
-1.345238269405710785e-01
-7.909085845008112514e-02
-6.267037304820655130e-02
1.188999492005171632e-02
-1.316183642784685137e-01
-6.745899223166151870e-02
1.730707662789843226e-02
6.108754881217315358e-02
-8.121827189426245042e-02
-7.093373331923569225e-02
-3.045350718133543744e-02
-1.389146980046773727e-02
-1.358679137439420259e-01
-1.113696753389941119e-01
-6.124123991948815515e-02
1.135467567596655236e-01
-8.209040935978717535e-02
-7.175801795945524475e-02
-7.132465152674782871e-02
-6.719273140381809561e-02
-9.214929048683995205e-02
-7.603775886373287385e-02
-6.271789199257193914e-02
-3.744272372491197487e-03
