7.923439240347249779e-01
9.522299165947600841e-01
-5.715088080239638657e-01
9.745328917493623067e-01
-7.707597768688003725e-01
-1.394932095262447547e+00
-3.101037865865663434e-01
8.122543384753697637e-01
-2.531612475917768279e-01
3.093076279401429929e-02
-4.707389220307760525e-01
1.461806245753081157e-01
1.835913018255226348e+00
-3.333480713667611894e+00
1.676888694257712586e+00
1.659539692057535376e+00
8.138587451703926945e-01
-3.052260659071265536e+00
1.767916491852275840e+00
-2.653071597260648673e+00
1.571186877259307835e+00
5.204231320432484154e-02
-7.575382711514464518e-01
-1.377973852157197143e-01
1.346387961897590912e+00
9.095276189655265853e-01
-9.692531122544068012e-01
1.108256600106599876e+00
-9.174778829968346372e-01
-1.742846016606321768e+00
1.930587778243122443e+00
-5.389822618022321876e-02
-6.729015109750520196e-01
1.066331846770040670e+00
-1.635433402455163332e+00
-8.500783692498856681e-01
3.112033009477144674e+00
3.005622115111734161e+00
-4.970305854031181525e+00
-1.714829091177136888e-01
-5.220901761621092874e-01
-5.101331708860783465e-01
2.340888313967667500e+00
-1.422488916587127505e+00
6.075432921166026290e-01
1.112102638864342907e+00
-1.659234230231348306e+00
-1.077838899764955727e+00
-9.918970153201200901e-02
7.464341058907422166e-01
-7.236538984842297850e-01
3.601009133605685975e-01
-7.168870547944550253e-02
-2.715903182395607018e-01
-1.442511247878400127e+00
-1.237583704130940987e+00
3.027351320383871780e+00
5.668210907229394024e-01
-1.494837728902780327e-01
-7.503669147894669322e-01
4.694055509878012344e-01
4.953690126649235026e-02
8.701106160756921781e-02
-6.386511176542342128e-02
-2.610976199099326323e-01
-3.073967967402353452e-01
-2.778797372367165508e-01
-1.928559644718035315e-01
3.449659640539692873e-01
1.054063653318308980e-01
-5.217538905135654659e-02
6.131463982286788905e-02
1.590945065474627995e+00
1.171811369446928097e+00
-1.173869470258537717e+00
4.291729582313763558e-01
-1.578583338927231239e+00
-6.835125202772047714e-01
1.436057203003542782e+00
9.905498531637704218e-01
-2.221614681861339591e+00
2.531980983191033374e-01
-1.771275629964179643e-01
-2.716884792142622018e-01
1.856940509876565670e+00
1.569935520290826503e+00
-2.765761931792638961e+00
-8.339562451672719590e-01
9.980827004987702367e-02
-8.237898655033859541e-02
-3.543496349438441939e-01
2.659142027585801316e-01
4.157133360026392666e-01
6.301597552953808190e-02
-5.687857002659768568e-01
1.322480575478124365e-01
2.505409328301766436e-01
-6.145645607948324596e-01
5.126237660685148967e-01
-2.099566036769004995e-01
2.017104006811223371e-01
-1.172113196508206556e-01
-2.731999352631675038e+00
2.103317134925262621e+00
1.961977837127278690e+00
-2.343419775865243082e-01
-2.098121689394503164e-01
-8.785764366391077829e-01
6.124002575516556135e-01
9.303144553226019298e-01
-3.147693254802703677e-01
7.993952678215663354e-01
-5.667902169718956884e-01
-1.481016852274962048e+00
3.442716020686731326e-01
-1.328818788825429920e-01
1.342186596696137713e-01
-1.382692730595636021e-02
4.512530426588057253e-02
-3.895556806811129036e-01
-1.172211978244533270e+00
-1.219403413992040441e+00
2.884277428794391085e+00
1.891120854889862812e-01
-4.051153501260529310e-01
-2.683052542682702324e-01
-1.422722755822604768e+00
2.467025151133711347e+00
1.333102425996074203e+00
1.157812443209280673e+00
-2.555077875902426854e+00
-9.497506857491657684e-01
3.005455956296003706e-01
1.544555555070701303e-01
1.266833138062821718e-01
-2.703646163055850593e-01
-2.589005966678428194e-01
-6.370794747117258794e-02
1.702604924158634958e-01
-1.248131713271050103e-02
1.071191434475480264e-01
-9.963349487834705087e-02
2.189155402861189259e-01
-3.888058175920292570e-01
4.019920687797764458e-01
-1.648754318394196616e-01
2.966194945146298778e-01
-7.026594928404961138e-01
2.056445259472781117e-01
-1.880826031241156215e-02
-3.795056933918317554e+00
-1.928272120130003486e-01
1.457028278691723244e+00
1.151193728369733549e+00
8.210334115257467147e-01
6.274922248623084897e-01
3.058693996344032939e-01
5.461712948840613535e-02
5.175090639828283656e-02
-8.552390635293249943e-02
-1.962197255376310068e-01
-1.457036589216755829e-01
-3.112965107768843609e-01
-1.943608728645216388e-01
4.647216507834599497e-01
1.389721808149886328e-01
-8.486396738774715232e-02
-2.564169286991102581e-02
-6.828938640987587405e-01
3.555260276341698500e-02
5.508942714888576120e-01
-2.093644903881255459e-01
2.905125165640498608e-01
5.346556796354207108e-02
1.739013125265415738e+00
7.774388075280000976e-01
-1.728859467956695539e+00
2.041626514784553592e-01
-2.804733115399926646e-01
-7.422175734793938773e-01
3.052280043724522329e-01
1.823524684882471547e-01
9.466235824010027500e-02
-7.233626727754938202e-02
-2.608175732342346009e-01
-2.728013679310663520e-01
-6.399491331303863717e-02
4.994916115818028857e-01
-1.048794724243236942e+00
3.299043769204104137e-01
1.810002074595331578e-01
5.544873213200673945e-02
-5.926552805691613912e-01
1.155570381303476779e-01
4.148846316860215211e-01
-4.790717922633263015e-01
6.367321400395695719e-01
-5.265414373955934479e-02
-2.880589343370090205e+00
1.651453175650374305e+00
2.218677011135213206e+00
-2.682954710098641726e-01
6.260387747887818932e-02
-7.410397178381771255e-01
