-1.013550856494482844e-02
-6.078593054247960481e-03
-1.158642886620708801e-02
2.360241378652516708e-02
-1.282970283555706636e-02
-1.302908387412160529e-02
-2.385198628300777557e-04
3.737036885727906821e-03
-9.536515869088102448e-03
-8.351960179909356796e-03
-1.172811339135959585e-02
5.637021998084135177e-03
-3.951235953623877251e-02
6.901627124455522733e-03
-1.754796670845326645e-04
1.302920759241277260e-02
1.925637891399656354e-03
2.078435672901779441e-03
9.845215890380565327e-03
1.162887311482463382e-02
-1.675666937895781139e-02
-1.155096676671796274e-02
1.266241037582993556e-04
1.677855117629722947e-02
-6.076027137099559994e-02
3.938653662161284430e-03
3.972817998352251578e-04
1.669012043101592013e-02
-5.066364095802078360e-02
2.376338114416842728e-03
-6.872836493843959005e-03
3.337779186742872994e-02
-1.156920360705293582e-02
-2.909605356602007475e-03
1.632672667690737711e-04
6.454330600577540267e-03
-4.662911189598473172e-02
6.476935026262342632e-03
8.456690089263974031e-03
1.184430967382765765e-02
-4.902742533207993247e-03
3.298486252163446153e-04
5.571231717318214649e-03
-5.355043519630786619e-03
-1.028577792645046785e-02
-1.244296438630621005e-02
1.975606396362739048e-04
2.324767242607217455e-03
-1.962130859035804420e-02
-1.394826243748203964e-02
-2.556120354673119266e-04
1.515878144516769055e-02
-1.613209385281577646e-02
-8.225110947104763426e-03
-6.716002538617926731e-03
1.102820771294177327e-02
-3.951658523559120617e-02
7.634908751157576390e-03
1.217608321625984757e-02
-2.039266945308426671e-05
-1.316064009364525944e-02
-1.546450152708045422e-02
-3.014420869455358698e-03
7.535344324120840653e-03
-6.822477726293518785e-03
-3.602843678268685679e-03
1.248748171470470680e-03
2.467423580964966945e-03
-4.949336970509143896e-02
-5.007686629715735194e-03
1.337156155739815944e-02
5.656497741787891442e-03
-1.051358603966745520e-02
-4.963985076038124333e-03
-1.154763787992196811e-02
2.714079769069610570e-02
-3.895302350808149683e-03
-2.949767244981638115e-03
4.071810162874056616e-03
-2.871743222716327537e-03
-4.480939854796939237e-02
5.599072872632060438e-03
8.209879080387505468e-03
1.288317256368554098e-02
-5.767855397689714003e-02
-2.525101758427261700e-02
2.492676328804899200e-03
2.253058648569195022e-02
-4.780749857518529211e-03
1.172457072542654188e-03
3.783552603096707045e-03
-6.349775781032684918e-03
-3.924854574761438286e-03
-3.917361862252555227e-03
4.052977488852471666e-03
-1.265964114089079828e-03
-6.794858442986440039e-03
-3.619864471917866311e-03
7.217738720048938461e-04
8.429404049923316933e-04
-2.293529403560445878e-02
-1.963288125507012261e-02
-1.052096941905111827e-02
-3.166701142670147462e-03
-5.344329821389992574e-03
-3.774689717972457004e-05
4.075130623514944261e-03
-6.994405607957832061e-03
-9.047750728447434554e-03
-1.325306789346636371e-02
-3.144588445784801678e-04
3.089992913432926258e-03
-4.956252126494753441e-03
-1.103764529665207661e-03
4.241609740885499136e-03
-3.301536245692737737e-03
-1.945544993348824470e-02
-8.490838864755767545e-03
-3.357201112700769485e-03
1.490079552782774819e-02
-5.784743613783893679e-03
8.300862487968796444e-04
5.718525391497975008e-03
-6.389339991374143324e-03
-5.780063106165966857e-03
-4.190177530987604371e-03
-8.900034298608971994e-04
-1.204664741028049768e-02
-3.459046840416091229e-03
-1.874601937043252065e-03
4.489447968965221136e-03
-5.625476404121920737e-03
-5.188269852868332421e-02
-1.114124728495724526e-02
1.074979775516449187e-02
5.572987587043831681e-03
