-8.724327481000848650e-02
-2.286429139122558851e-02
9.920546615327596740e-03
1.015811018991596981e-02
-1.993092735293133799e-03
-1.086661632475682815e-02
3.412199682131022982e-03
8.443196106291850356e-03
-2.478436326910404830e-02
-3.708442153594249113e-02
-6.329474297978254782e-03
4.352585691331345430e-03
-7.324265530647933176e-02
5.877056461089935624e-05
8.333509694899987608e-04
2.944011743479957310e-02
-8.070844694175516310e-03
-3.107792485256277715e-03
-9.969351817600280441e-03
8.275492341674572927e-03
-2.521518078297146914e-03
-1.187134117673904754e-02
4.646900378347140759e-03
7.376351212363685406e-03
-2.833960619133191194e-02
-3.795513430385666354e-02
-3.783666336216962023e-03
1.892939276570970719e-05
-1.578177807537728405e-02
-1.325306977338769343e-02
-3.016271756933086579e-03
8.883273355030807394e-03
-7.670624585710172916e-02
-5.216835761577676145e-02
1.961472304810851774e-02
1.623481780660740448e-02
-5.273530999830255972e-02
-2.946907457008784981e-02
1.261597305599582164e-02
1.983189067230939351e-02
-2.754473742861529573e-03
-2.273101653187170612e-03
3.782538483609876323e-03
-2.428026690998397186e-03
-1.622438299815942564e-02
-1.227073164924719073e-02
-3.792342756784305990e-03
8.373866415990693923e-03
-7.890336363521832652e-02
-4.243266720673766201e-02
2.013201409195963798e-02
1.607506209795062091e-02
-1.434710172647046811e-02
1.667132316775621348e-03
2.851873429244422553e-03
1.137940759153277526e-02
1.144305244265830801e-02
1.177383150910249476e-02
1.954099374738627048e-02
7.580826667471063374e-02
-7.203692808700723482e-02
1.787721584836088340e-04
2.359623667608445885e-03
2.980645827934891301e-02
-5.809186895446560861e-02
-4.269892703117106336e-02
-6.964444673116743090e-03
2.964196770019134064e-03
-6.218546115449807843e-02
-3.244798739266108178e-02
1.015844702816370848e-02
3.079421574757446045e-02
-2.643166196353541331e-02
-3.582776536870491135e-02
-5.368353990408136767e-03
3.235160487528476736e-03
-1.161710651429292973e-02
-6.486468989383098460e-03
-8.935369715119545475e-03
7.496412300117771821e-03
-5.286590335986174338e-02
-2.769760744475324721e-02
1.428447532013765731e-02
1.806291022235684274e-02
-3.488202108160054493e-02
-2.180040298405083732e-02
-1.000656660108489859e-02
-3.200874125224295597e-04
-2.740979349289807132e-02
-1.454439304687338286e-02
-2.873662556780454125e-03
4.519412681093237794e-03
-2.840601488007377107e-02
-1.554431449813398203e-02
8.706084672703839900e-03
-2.098282118109029426e-03
-2.077798601961755587e-02
-6.977919751593342212e-03
-9.403879032343631650e-05
2.548531613485316427e-02
-2.854163278071775167e-02
-3.941467782888574689e-02
-9.049049331729897006e-03
8.330330942575736586e-03
-8.140971546963138294e-03
-7.960667989129532884e-03
-1.191861139569128092e-02
8.204412408669758960e-03
-7.047922426521413541e-03
-1.708255433932226452e-02
-7.618906864574892523e-04
2.722306344338831785e-02
-2.343074632021879822e-03
-2.157655768353139436e-03
4.044735458003323458e-03
2.374296104616924197e-04
-2.311573575097569666e-02
-9.991635334476223207e-03
-5.030163018153510635e-03
1.145270822216049034e-02
-8.411411644528254961e-02
-6.088855019118355472e-02
2.391802196494663413e-02
1.457966203590133070e-02
-1.433576526439539478e-02
1.903378402870581354e-03
3.965144924495733747e-03
7.778130103188951594e-03
-2.523048003425842900e-02
-8.658019352297818827e-03
-1.984445197038708919e-02
-3.140955200664485858e-05
-2.770045351253336285e-02
-1.676897645490371680e-02
-7.037713108218213165e-03
1.080660464620830652e-02
