-1.165723504568855162e+01
4.620851460216002238e+00
5.410347288615867001e+00
1.408255837475451244e+00
1.082713198372402985e+00
-9.396243050077401904e-01
-5.212172503101442089e-02
-3.789461326067566915e-02
5.199105340463461289e-01
-3.856817553230342810e-01
-4.262096718889267777e-01
3.352065153997898506e-01
-1.997848357283174892e+00
-1.108219993565711547e+00
1.243705339133356347e+00
1.042608167154710941e+00
3.780471727554299832e-01
3.925918290388494825e-01
-5.525337161254711305e+00
-5.620280743591052897e+00
5.996356521803122064e+00
4.045449073587548128e+00
4.695862002474200381e-01
2.927885505209815165e-01
1.681021196818448971e+00
6.962077721286448195e-01
-1.843861138185957316e+00
-2.418998453019582939e-01
-4.072866456769475008e-02
-2.609458527342525258e-01
9.043673519414596740e-03
-3.080802878093891195e-02
4.845310824925235238e-01
-4.163055561713093766e-01
-3.225243427802553242e-01
2.365483663726308805e-01
-2.012290192046606307e+00
-1.169093814808405796e+00
1.722667246391154094e+00
3.524992825132926555e-01
4.467791906537001978e-01
5.638937771906995522e-01
6.585688312800499489e-01
-1.308757068810322721e+00
8.846951764198678347e-01
-9.085568179182814674e-01
6.242880671260309100e-01
9.444148635672888759e-02
-9.015846747376130565e+00
3.138069916482919552e+00
4.805856665824720153e+00
1.589867544313136705e+00
1.504076053655552414e+00
-1.850687604406459741e+00
-9.984380129025097972e+00
3.088699565143315340e+00
3.031317197173649447e+00
3.252924130082107013e+00
2.982939334358292172e+00
-2.477195687351155584e+00
6.906341085927181211e-02
-3.340169876494769596e-01
4.382964480855378042e-01
-2.804023885141617711e-01
2.321664401591476690e-01
-1.016888077445088356e-01
1.310283416705402715e+00
-1.080678502875201730e+00
4.316275006677301462e-01
-1.550428732582503244e+00
3.394874548626205524e-01
5.937962343920588637e-01
-8.433473379614810028e+00
3.805895986979408008e+00
4.375544867637586322e+00
1.069917142471311422e+00
1.049858102113446989e+00
-1.760984865597151838e+00
1.110396464995773158e-01
-6.099957997702176726e-02
-5.482524846367482496e-01
-9.139525536875225953e-02
-3.623560072458786863e-01
9.261306006454503859e-01
4.401103598806784589e+00
4.171955184517088355e+00
-4.534675253406561524e+00
4.137710421963859631e+00
-4.798835221349051494e+00
-5.672657671961033543e+00
-5.092334190691133244e+00
-4.835912087974477913e+00
5.361017960549958161e+00
3.340060935956500998e+00
4.484505048674662930e-01
4.603346611316823100e-01
-1.095929255089687615e+01
2.871356814369889321e+00
2.483139034220343433e+00
1.824073939561600355e+00
4.094366235825575018e+00
-2.675548313004867396e-01
-8.969382323733995577e+00
3.598419558418726183e+00
2.524683453963575630e+00
4.201410686260103944e+00
1.895877011361648101e+00
-3.238694893600779778e+00
-1.918923706139594287e+00
-1.121627732742396688e+00
1.328199480795063891e+00
1.028129890022114523e+00
3.808374363658941775e-01
2.620521757865077461e-01
-2.481690347364320814e+00
1.293064799026268474e+00
2.546720178684722669e-01
8.506508143867392846e-01
-3.521911741853500644e-02
1.982389041734649027e-01
-1.020089758322846762e+01
3.265494399366062339e+00
2.984668400315968029e+00
3.071637110618880229e+00
3.010974063189053140e+00
-2.285137516009598357e+00
-2.886058210740941377e+00
1.107064698475014097e+00
5.963049814843515151e-01
-9.047008636903228762e-01
1.263561617793968139e+00
7.166365442621014381e-01
-7.947083428598304522e+00
-7.868374274350884434e+00
4.908922564248371145e+00
5.020711365277421123e+00
2.459192163910600470e+00
2.110704715878995330e+00
2.182750464871915597e+00
-1.485185261407423241e+00
5.792492643516453654e-01
-2.892711816116673162e-01
-4.713089909984091719e-02
-1.014235587318069065e+00
1.177591792234110812e+00
7.470783994135814510e-01
-1.780744974343988929e+00
4.921242343108218620e-01
-8.613185888451369010e-01
1.999126498699581589e-01
-2.064183776577067420e+00
-7.031875341352673559e-01
1.452663448865962437e+00
1.034868823617870248e+00
-6.709334785456633199e-02
2.822046608817316837e-01
-2.527741411566552188e+00
1.297250248977860565e+00
-3.683518140177000078e-01
1.336917720213477878e+00
2.989289742820488982e-01
5.497933497726137375e-02
7.417468747899249593e-01
8.407525948341429967e-01
-5.713251200653814976e-01
6.523278827262970481e-01
-1.716440628624638975e+00
2.476155320252360070e-03
-2.512357978018542326e-02
-4.465797133834286115e-01
5.803476874026642918e-01
-3.381192591640456158e-01
3.595289830369097217e-01
-9.644561088622083389e-02
2.356673123877371268e+00
-2.137193200371882540e+00
2.089809037105681000e-01
1.396729416530149592e+00
-1.817870316446530410e+00
-8.949322022763794848e-02
-7.431959777470879658e+00
3.400267227604715004e+00
4.834467929539059128e+00
-1.535626487729047085e+00
2.145764714697406816e+00
-1.351644286268722794e+00
-1.200496111447506564e-01
-1.946237706727771410e-01
-3.695767095706372629e-01
-1.531247004453177851e-01
-2.098911532502114596e-01
1.010012315855121301e+00
-8.331563086740487734e-01
-2.637136359519885787e+00
1.664780034525222163e+00
6.932433300359832629e-01
9.138861946973833028e-01
5.721230116152753453e-02
1.044172993102904456e+00
1.614860743927962972e+00
-9.598141183446244895e-01
-4.896705842877082659e-01
-1.321068978222868395e+00
-4.476417151107625614e-02
