-3.697355282118741648e-02
-3.241605236910771737e-02
-2.309949157245982931e-02
-3.211981816167774895e-03
-1.181737519099481659e-01
-4.897514194359375850e-02
2.037708952483563429e-02
6.443580168850560064e-02
-4.692322474193955095e-02
-3.150929887313114186e-02
2.281356759363584175e-03
-7.089792024895347211e-03
-7.980243858360847042e-02
-7.484569098412219290e-02
1.825668313435313550e-02
3.038766521184244063e-02
-6.533255410630722793e-02
-4.349600174800150043e-02
3.744127504614391810e-03
1.757886662970520320e-02
-4.588764141395706986e-02
-4.496518643794455983e-02
2.084498928047429089e-02
3.595864371080481625e-02
-8.521454450684950999e-02
-3.413484147336576235e-02
1.119552261847678309e-02
3.389448242214165852e-02
-1.138589286193962824e-01
-3.062079240830906102e-03
-8.858817480554392887e-03
2.952105142872585297e-02
-8.872775047019110239e-02
-2.774260986323917599e-02
1.320278445281264368e-02
2.727064332883055719e-02
-6.414291172068820046e-02
-7.549351963511896635e-02
-1.398492039423016031e-02
4.766480838204123494e-02
-4.388039226826156991e-02
-1.975432890452410994e-02
-1.061181556606438647e-02
-1.798232335742433463e-02
-6.582078986001849152e-02
-3.805041527368313581e-02
7.335425267340989208e-03
4.818466049458303146e-02
-1.056034077525853654e-01
-3.511101230545565777e-02
-3.104631484666886543e-02
3.958380651544657347e-02
-3.470336410835206387e-02
-2.720041142781282062e-02
-2.273054997807544275e-02
-6.203256029853720932e-03
-5.269139614231010960e-02
-2.667318934722628931e-02
-2.944372171165565710e-02
2.926520356443051973e-02
-7.369567119899755880e-02
-6.206934989789814061e-02
-2.451396981636544403e-02
7.416167990538791166e-02
-7.360380192409343714e-02
-3.012052113997332192e-02
7.540065485893698849e-03
5.045418663656131564e-02
-7.131508754558080199e-02
7.473685572481070238e-04
-5.813686021998165643e-03
1.477648530856101594e-02
-4.802921875774868177e-02
-4.252799722266487059e-02
-3.515410912462946236e-02
-9.734325142752187077e-03
-1.061114203729631722e-01
-1.100169172148142138e-01
3.627176072065863011e-02
7.084117963879932311e-02
-2.990714066489497114e-02
-2.746291028417036095e-02
-7.206515475137953430e-03
1.434913456658315489e-02
-6.187856428471105730e-02
-3.037816187612918384e-02
-1.518443533437308091e-02
3.203803191403453710e-03
-1.191177003370700316e-01
-2.529984699092602263e-02
1.190516636689320507e-02
3.033386752783262530e-02
-7.155964080228849333e-02
-3.609273346416874695e-02
-1.343588240033155579e-02
2.624346172925395848e-03
-1.046584617438537368e-01
-3.405896295215460334e-02
8.861416642600872251e-03
6.087437922645566601e-02
-1.265556694080065547e-01
-1.315132868692048262e-02
-2.468004148842073420e-03
3.178007471111943261e-02
