4.930352640205853731e+00
-4.068891317466963642e+00
2.156812759799180412e-01
4.931545402452570670e-01
1.840674369717831382e+00
-4.373804909533177465e+00
-8.594156343603884807e-01
-4.828986754086486144e-01
3.655682420118836262e+00
1.200073091601154829e+00
1.130120444599810980e+00
-4.889432707348319695e+00
4.145882230384827949e+00
2.849312632444735982e-01
-8.990195960099214290e-01
-1.405407969320435768e-01
-1.345013909387176909e+00
-2.494954442854051990e+00
7.175478686554470187e+00
-3.845748908211660932e+00
1.369043384276750430e+00
-3.804048484680606634e-01
-1.645071758931791805e+00
-2.852068106409802795e+00
-4.339373177991063812e-01
3.645538184598350995e+00
7.745110942979778201e-01
1.707874611552938404e+00
-7.845294373259577014e-01
-5.323633451053311205e+00
-5.550334636254007137e+00
4.370368444746276282e+00
3.473341400711859706e+00
-3.390099428360173306e+00
-5.862921902261604146e-01
6.525832527587454024e-01
4.959472477103432198e+00
2.152417728876670822e+00
-4.480660185166442488e+00
1.895510940458464688e+00
-1.520756419338013643e+00
-3.336936505518409035e+00
5.383786266663292963e-01
-1.816854448001947731e+00
4.529957198890343761e+00
-1.067038402450876333e+00
-3.553718089202391184e-01
-2.257996350423425724e+00
5.657491108539502989e+00
-6.398940568874706969e-01
-1.545976397175834904e+00
6.683613690426710718e-01
-1.426409748371909814e+00
-2.878114493757934156e+00
5.116739957505984648e-01
-2.510414582713039522e+00
-7.801394751637928948e-01
5.644885082174440072e+00
-1.850153184553391839e+00
-9.489132886638742548e-01
2.011764230932030273e+00
3.514539835799411094e+00
-1.378586670043844720e+00
-1.133943429300458661e+00
-2.776172701318401437e+00
-6.846438840386355196e-01
2.064269104535114252e+00
3.558606790254614793e+00
-5.356216068824750209e+00
4.050261469393419134e+00
-3.065966306318244960e+00
-1.797333966359033752e+00
1.669901704197087611e+00
7.373418127852517046e+00
-4.229064367904300070e+00
-2.587644734983783223e+00
-1.445583916757044562e+00
-1.456250210467274542e+00
3.430238150961741894e+00
-6.625514246383147565e+00
1.786610576166708597e+00
3.377802171026615952e-01
2.572951797109553240e+00
-2.525497311067837813e+00
-2.849051094536207529e+00
3.489520068923795293e+00
-4.535042240147362236e-01
1.757028406478298166e+00
-1.346087455448497394e+00
-5.060964640805281078e-01
-3.901839193382230064e+00
4.785434433214717842e+00
-1.270158591834672279e+00
3.843719088184272437e+00
-1.439775465089780937e-01
-3.180923563177358915e+00
-4.133905394385379850e-01
7.992171079846883686e-01
1.793316927743177303e+00
4.982223119763915520e-01
7.911936004711606074e-01
-3.600458410587549452e+00
5.337268579293720450e+00
-3.418199682259768224e+00
3.129971657882009595e+00
-2.182642216480417119e+00
-1.335615985781103632e+00
-2.350792278358582621e+00
4.258437558280874669e+00
1.838530227905678771e+00
2.744522050308958683e+00
-1.992175747212442616e+00
-3.912803774994074502e+00
-3.577020569756939494e+00
7.814138033438752018e+00
-7.151216486275444595e-01
-2.594084316238749466e+00
8.559209676190135951e-01
-4.601245627501342028e+00
-9.297342798317203005e-01
1.955265056033169913e+00
1.431077690631909149e+00
-2.847050150286605685e+00
2.504557211425336050e+00
-1.995447348187340708e+00
-1.652001943786046922e+00
1.457504681128440893e+00
1.868529862767374539e+00
1.725637676972127110e-01
-1.404716050811003925e+00
-9.786484335294574066e-01
-1.230258285423360576e+00
1.372875072000624641e+00
-1.231332152872752772e+00
5.222051162375706213e+00
-1.037537985216275160e+00
-3.066411472707088137e+00
-1.554898927623383997e+00
-2.064414013202878095e+00
2.831185038697299206e+00
3.541326436804453692e+00
-3.871487322248697183e+00
-3.635872760962826078e-01
-6.937245947422212566e-01
2.658187352500149814e+00
-3.781079504953154924e+00
-5.860228724813794088e-01
-1.719898039722210115e+00
2.389535805054336493e+00
7.993667605036307577e-01
6.644026832430540708e-01
5.120455545870413516e+00
-1.217505033332884068e+00
-7.264146929918808837e-01
-6.455833832249453508e-01
-3.309565292930543023e+00
